0	nan
1	8.34
2	8.34
3	8.34
4	8.34
5	8.34
6	8.34
7	8.34
8	8.34
9	8.34
10	8.34
11	8.34
12	8.34
13	8.34
14	8.34
15	8.34
16	8.34
17	8.34
18	8.34
19	8.34
20	8.34
21	8.34
22	8.34
23	8.34
24	8.34
25	8.34
26	8.34
27	8.34
28	8.34
29	8.34
30	8.34
31	8.34
32	8.34
33	8.34
34	8.34
35	8.34
36	8.34
37	8.34
38	8.34
39	8.34
40	8.34
41	8.34
42	8.34
43	8.34
44	8.34
45	8.34
46	8.34
47	8.34
48	8.34
49	8.34
50	8.34
51	8.34
52	8.34
53	8.34
54	8.34
55	8.34
56	8.34
57	8.34
58	8.34
59	8.34
60	8.34
61	8.34
62	8.34
63	8.34
64	8.34
65	8.34
66	8.34
67	8.34
68	8.34
69	8.34
70	8.34
71	8.34
72	8.34
73	8.34
74	8.34
75	8.34
76	8.34
77	8.34
78	8.34
79	8.34
80	8.34
81	8.34
82	8.34
83	8.34
84	8.34
85	8.34
86	8.34
87	8.34
88	8.34
89	8.34
90	8.34
91	8.34
92	8.34
93	8.34
94	8.34
95	8.34
96	8.34
97	8.34
98	8.34
99	8.34
100	8.34
101	8.34
102	8.34
103	8.34
104	8.34
105	8.34
106	8.34
107	8.34
108	8.34
109	8.34
110	8.34
111	8.34
112	8.34
113	8.34
114	8.34
115	8.34
116	8.34
117	8.34
118	8.34
119	8.34
120	8.34
121	8.34
122	8.34
123	8.34
124	8.34
125	8.34
126	8.34
127	8.34
128	8.34
129	8.34
130	8.34
131	8.34
132	8.34
133	8.34
134	8.34
135	8.34
136	8.34
137	8.34
138	8.34
139	8.34
140	8.34
141	8.34
142	8.34
143	8.34
144	8.34
145	8.34
146	8.34
147	8.34
148	8.34
149	8.34
150	8.34
151	8.34
152	8.34
153	8.34
154	8.34
155	8.34
156	8.34
157	8.34
158	8.34
159	8.34
160	8.34
161	8.34
162	8.34
163	8.34
164	8.34
165	8.34
166	8.34
167	8.34
168	8.34
169	8.34
170	8.34
171	8.34
172	8.34
173	8.34
174	8.34
175	8.34
176	8.34
177	8.34
178	8.34
179	8.34
180	8.34
181	8.34
182	8.34
183	8.34
184	8.34
185	8.34
186	8.34
187	8.34
188	8.34
189	8.34
190	8.34
191	8.34
192	8.34
193	8.34
194	8.34
195	8.34
196	8.34
197	8.34
198	8.34
199	8.34
200	8.34
201	8.34
202	8.34
203	8.34
204	8.34
205	8.34
206	8.34
207	8.34
208	8.34
209	8.34
210	8.34
211	8.34
212	8.34
213	8.34
214	8.34
215	8.34
216	8.34
217	8.34
218	8.34
219	8.34
220	8.34
221	8.34
222	8.34
223	8.34
224	8.34
225	8.34
226	8.34
227	8.34
228	8.34
229	8.34
230	8.34
231	8.34
232	8.34
233	8.34
234	8.34
235	8.34
236	8.34
237	8.34
238	8.34
239	8.34
240	8.34
241	8.34
242	8.34
243	8.34
244	8.34
245	8.34
246	8.34
247	8.34
248	8.34
249	8.34
250	8.34
251	8.34
252	8.34
253	8.34
254	8.34
255	8.34
256	8.34
257	8.34
258	8.34
259	8.34
260	8.34
261	8.34
262	8.34
263	8.34
264	8.34
265	8.34
266	8.34
267	8.34
268	8.34
269	8.34
270	8.34
271	8.34
272	8.34
273	8.34
274	8.34
275	8.34
276	8.34
277	8.34
278	8.34
279	8.34
280	8.34
281	8.34
282	8.34
283	8.34
284	8.34
285	8.34
286	8.34
287	8.34
288	8.34
289	8.34
290	8.34
291	8.34
292	8.34
293	8.34
294	8.34
295	8.34
296	8.34
297	8.34
298	8.34
299	8.34
300	8.34
301	8.34
302	8.34
303	8.34
304	8.34
305	8.34
306	8.34
307	8.34
308	8.34
309	8.34
310	8.34
311	8.34
312	8.34
313	8.34
314	8.34
315	8.34
316	8.34
317	8.34
318	8.34
319	8.34
320	8.34
321	8.34
322	8.34
323	8.34
324	8.34
325	8.34
326	8.34
327	8.34
328	8.34
329	8.34
330	8.34
331	8.34
332	8.34
333	8.34
334	8.34
335	8.34
336	8.34
337	8.34
338	8.34
339	8.34
340	8.34
341	8.34
342	8.34
343	8.34
344	8.34
345	8.34
346	8.34
347	8.34
348	8.34
349	8.34
350	8.34
351	8.34
352	8.34
353	8.34
354	8.34
355	8.34
356	8.34
357	8.34
358	8.34
359	8.34
360	8.34
361	8.34
362	8.34
363	8.34
364	8.34
365	8.34
366	8.34
367	8.34
368	8.34
369	8.34
370	8.34
371	8.34
372	8.34
373	8.34
374	8.34
375	8.34
376	8.34
377	8.34
378	8.34
379	8.34
380	8.34
381	8.34
382	8.34
383	8.34
384	8.34
385	8.34
386	8.34
387	8.34
388	8.34
389	8.34
390	8.34
391	8.34
392	8.34
393	8.34
394	8.34
395	8.34
396	8.34
397	8.34
398	8.34
399	8.34
400	8.34
401	8.34
402	8.34
403	8.34
404	8.34
405	8.34
406	8.34
407	8.34
408	8.34
409	8.34
410	8.34
411	8.34
412	8.34
413	8.34
414	8.34
415	8.34
416	8.34
417	8.34
418	8.34
419	8.34
420	8.34
421	8.34
422	8.34
423	8.34
424	8.34
425	8.34
426	8.34
427	8.34
428	8.34
429	8.34
430	8.34
431	8.34
432	8.34
433	8.34
434	8.34
435	8.34
436	8.34
437	8.34
438	8.34
439	8.34
440	8.34
441	8.34
442	8.34
443	8.34
444	8.34
445	8.34
446	8.34
447	8.34
448	8.34
449	8.34
450	8.34
451	8.34
452	8.34
453	8.34
454	8.34
455	8.34
456	8.34
457	8.34
458	8.34
459	8.34
460	8.34
461	8.34
462	8.34
463	8.34
464	8.34
465	8.34
466	8.34
467	8.34
468	8.34
469	8.34
470	8.34
471	8.34
472	8.34
473	8.34
474	8.34
475	8.34
476	8.34
477	8.34
478	8.34
479	8.34
480	8.34
481	8.34
482	8.34
483	8.34
484	8.34
485	8.34
486	8.34
487	8.34
488	8.34
489	8.34
490	8.34
491	8.34
492	8.34
493	8.34
494	8.34
495	8.34
496	8.34
497	8.34
498	8.34
499	8.34
500	8.34
501	8.34
502	8.34
503	8.34
504	8.34
505	8.34
506	8.34
507	8.34
508	8.34
509	8.34
510	8.34
511	8.34
512	8.34
513	8.34
514	8.34
515	8.34
516	8.34
517	8.34
518	8.34
519	8.34
520	8.34
521	8.34
522	8.34
523	8.34
524	8.34
525	8.34
526	8.34
527	8.34
528	8.34
529	8.34
530	8.34
531	8.34
532	8.34
533	8.34
534	8.34
535	8.34
536	8.34
537	8.34
538	8.34
539	8.34
540	8.34
541	8.34
542	8.34
543	8.34
544	8.34
545	8.34
546	8.34
547	8.34
548	8.34
549	8.34
550	8.34
551	8.34
552	8.34
553	8.34
554	8.34
555	8.34
556	8.34
557	8.34
558	8.34
559	8.34
560	8.34
561	8.34
562	8.34
563	8.34
564	8.34
565	8.34
566	8.34
567	8.34
568	8.34
569	8.34
570	8.34
571	8.34
572	8.34
573	8.34
574	8.34
575	8.34
576	8.34
577	8.34
578	8.34
579	8.34
580	8.34
581	8.34
582	8.34
583	8.34
584	8.34
585	8.34
586	8.34
587	8.34
588	8.34
589	8.34
590	8.34
591	8.34
592	8.34
593	8.34
594	8.34
595	8.34
596	8.34
597	8.34
598	8.34
599	8.34
600	8.34
601	8.34
602	8.34
603	8.34
604	8.34
605	8.34
606	8.34
607	8.34
608	8.34
609	8.34
610	8.34
611	8.34
612	8.34
613	8.34
614	8.34
615	8.34
616	8.34
617	8.34
618	8.34
619	8.34
620	8.34
621	8.34
622	8.34
623	8.34
624	8.34
625	8.34
626	8.34
627	8.34
628	8.34
629	8.34
630	8.34
631	8.34
632	8.34
633	8.34
634	8.34
635	8.34
636	8.34
637	8.34
638	8.34
639	8.34
640	8.34
641	8.34
642	8.34
643	8.34
644	8.34
645	8.34
646	8.34
647	8.34
648	8.34
649	8.34
650	8.34
651	8.34
652	8.34
653	8.34
654	8.34
655	8.34
656	8.34
657	8.34
658	8.34
659	8.34
660	8.34
661	8.34
662	8.34
663	8.34
664	8.34
665	8.34
666	8.34
667	8.34
668	8.34
669	8.34
670	8.34
671	8.34
672	8.34
673	8.34
674	8.34
675	8.34
676	8.34
677	8.34
678	8.34
679	8.34
680	8.34
681	8.34
682	8.34
683	8.34
684	8.34
685	8.34
686	8.34
687	8.34
688	8.34
689	8.34
690	8.34
691	8.34
692	8.34
693	8.34
694	8.34
695	8.34
696	8.34
697	8.34
698	8.34
699	8.34
700	8.34
701	8.34
702	8.34
703	8.34
704	8.34
705	8.34
706	8.34
707	8.34
708	8.34
709	8.34
710	8.34
711	8.34
712	8.34
713	8.34
714	8.34
715	8.34
716	8.34
717	8.34
718	8.34
719	8.34
720	8.34
721	8.34
722	8.34
723	8.34
724	8.34
725	8.34
726	8.34
727	8.34
728	8.34
729	8.34
730	8.34
731	8.34
732	8.34
733	8.34
734	8.34
735	8.34
736	8.34
737	8.34
738	8.34
739	8.34
740	8.34
741	8.34
742	8.34
743	8.34
744	8.34
745	8.34
746	8.34
747	8.34
748	8.34
749	8.34
750	8.34
751	8.34
752	8.34
753	8.34
754	8.34
755	8.34
756	8.34
757	8.34
758	8.34
759	8.34
760	8.34
761	8.34
762	8.34
763	8.34
764	8.34
765	8.34
766	8.34
767	8.34
768	8.34
769	8.34
770	8.34
771	8.34
772	8.34
773	8.34
774	8.34
775	8.34
776	8.34
777	8.34
778	8.34
779	8.34
780	8.34
781	8.34
782	8.34
783	8.34
784	8.34
785	8.34
786	8.34
787	8.34
788	8.34
789	8.34
790	8.34
791	8.34
792	8.34
793	8.34
794	8.34
795	8.34
796	8.34
797	8.34
798	8.34
799	8.34
800	8.34
801	8.34
802	8.34
803	8.34
804	8.34
805	8.34
806	8.34
807	8.34
808	8.34
809	8.34
810	8.34
811	8.34
812	8.34
813	8.34
814	8.34
815	8.34
816	8.34
817	8.34
818	8.34
819	8.34
820	8.34
821	8.34
822	8.34
823	8.34
824	8.34
825	8.34
826	8.34
827	8.34
828	8.34
829	8.34
830	8.34
831	8.34
832	8.34
833	8.34
834	8.34
835	8.34
836	8.34
837	8.34
838	8.34
839	8.34
840	8.34
841	8.34
842	8.34
843	8.34
844	8.34
845	8.34
846	8.34
847	8.34
848	8.34
849	8.34
850	8.34
851	8.34
852	8.34
853	8.34
854	8.34
855	8.34
856	8.34
857	8.34
858	8.34
859	8.34
860	8.34
861	8.34
862	8.34
863	8.34
864	8.34
865	8.34
866	8.34
867	8.34
868	8.34
869	8.34
870	8.34
871	8.34
872	8.34
873	8.34
874	8.34
875	8.34
876	8.34
877	8.34
878	8.34
879	8.34
880	8.34
881	8.34
882	8.34
883	8.34
884	8.34
885	8.34
886	8.34
887	8.34
888	8.34
889	8.34
890	8.34
891	8.34
892	8.34
893	8.34
894	8.34
895	8.34
896	8.34
897	8.34
898	8.34
899	8.34
900	8.34
901	8.34
902	8.34
903	8.34
904	8.34
905	8.34
906	8.34
907	8.34
908	8.34
909	8.34
910	8.34
911	8.34
912	8.34
913	8.34
914	8.34
915	8.34
916	8.34
917	8.34
918	8.34
919	8.34
920	8.34
921	8.34
922	8.34
923	8.34
924	8.34
925	8.34
926	8.34
927	8.34
928	8.34
929	8.34
930	8.34
931	8.34
932	8.34
933	8.34
934	8.34
935	8.34
936	8.34
937	8.34
938	8.34
939	8.34
940	8.34
941	8.34
942	8.34
943	8.34
944	8.34
945	8.34
946	8.34
947	8.34
948	8.34
949	8.34
950	8.34
951	8.34
952	8.34
953	8.34
954	8.34
955	8.34
956	8.34
957	8.34
958	8.34
959	8.34
960	8.34
961	8.34
962	8.34
963	8.34
964	8.34
965	8.34
966	8.34
967	8.34
968	8.34
969	8.34
970	8.34
971	8.34
972	8.34
973	8.34
974	8.34
975	8.34
976	8.34
977	8.34
978	8.34
979	8.34
980	8.34
981	8.34
982	8.34
983	8.34
984	8.34
985	8.34
986	8.34
987	8.34
988	8.34
989	8.34
990	8.34
991	8.34
992	8.34
993	8.34
994	8.34
995	8.34
996	8.34
997	8.34
998	8.34
999	8.34
1000	8.34
1001	8.34
1002	8.34
1003	8.34
1004	8.34
1005	8.34
1006	8.34
1007	8.34
1008	8.34
1009	8.34
1010	8.34
1011	8.34
1012	8.34
1013	8.34
1014	8.34
1015	8.34
1016	8.34
1017	8.34
1018	8.34
1019	8.34
1020	8.34
1021	8.34
1022	8.34
1023	8.34
1024	8.34
1025	8.34
1026	8.34
1027	8.34
1028	8.34
1029	8.34
1030	8.34
1031	8.34
1032	8.34
1033	8.34
1034	8.34
1035	8.34
1036	8.34
1037	8.34
1038	8.34
1039	8.34
1040	8.34
1041	8.34
1042	8.34
1043	8.34
1044	8.34
1045	8.34
1046	8.34
1047	8.34
1048	8.34
1049	8.34
1050	8.34
1051	8.34
1052	8.34
1053	8.34
1054	8.34
1055	8.34
1056	8.34
1057	8.34
1058	8.34
1059	8.34
1060	8.34
1061	8.34
1062	8.34
1063	8.34
1064	8.34
1065	8.34
1066	8.34
1067	8.34
1068	8.34
1069	8.34
1070	8.34
1071	8.34
1072	8.34
1073	8.34
1074	8.34
1075	8.34
1076	8.34
1077	8.34
1078	8.34
1079	8.34
1080	8.34
1081	8.34
1082	8.34
1083	8.34
1084	8.34
1085	8.34
1086	8.34
1087	8.34
1088	8.34
1089	8.34
1090	8.34
1091	8.34
1092	8.34
1093	8.34
1094	8.34
1095	8.34
1096	8.34
1097	8.34
1098	8.34
1099	8.34
1100	8.34
1101	8.34
1102	8.34
1103	8.34
1104	8.34
1105	8.34
1106	8.34
1107	8.34
1108	8.34
1109	8.34
1110	8.34
1111	8.34
1112	8.34
1113	8.34
1114	8.34
1115	8.34
1116	8.34
1117	8.34
1118	8.34
1119	8.34
1120	8.34
1121	8.34
1122	8.34
1123	8.34
1124	8.34
1125	8.34
1126	8.34
1127	8.34
1128	8.34
1129	8.34
1130	8.34
1131	8.34
1132	8.34
1133	8.34
1134	8.34
1135	8.34
1136	8.34
1137	8.34
1138	8.34
1139	8.34
1140	8.34
1141	8.34
1142	8.34
1143	8.34
1144	8.34
1145	8.34
1146	8.34
1147	8.34
1148	8.34
1149	8.34
1150	8.34
1151	8.34
1152	8.34
1153	8.34
1154	8.34
1155	8.34
1156	8.34
1157	8.34
1158	8.34
1159	8.34
1160	8.34
1161	8.34
1162	8.34
1163	8.34
1164	8.34
1165	8.34
1166	8.34
1167	8.34
1168	8.34
1169	8.34
1170	8.34
1171	8.34
1172	8.34
1173	8.34
1174	8.34
1175	8.34
1176	8.34
1177	8.34
1178	8.34
1179	8.34
1180	8.34
1181	8.34
1182	8.34
1183	8.34
1184	8.34
1185	8.34
1186	8.34
1187	8.34
1188	8.34
1189	8.34
1190	8.34
1191	8.34
1192	8.34
1193	8.34
1194	8.34
1195	8.34
1196	8.34
1197	8.34
1198	8.34
1199	8.34
1200	8.34
1201	8.34
1202	8.34
1203	8.34
1204	8.34
1205	8.34
1206	8.34
1207	8.34
1208	8.34
1209	8.34
1210	8.34
1211	8.34
1212	8.34
1213	8.34
1214	8.34
1215	8.34
1216	8.34
1217	8.34
1218	8.34
1219	8.34
1220	8.34
1221	8.34
1222	8.34
1223	8.34
1224	8.34
1225	8.34
1226	8.34
1227	8.34
1228	8.34
1229	8.34
1230	8.34
1231	8.34
1232	8.34
1233	8.34
1234	8.34
1235	8.34
1236	8.34
1237	8.34
1238	8.34
1239	8.34
1240	8.34
1241	8.34
1242	8.34
1243	8.34
1244	8.34
1245	8.34
1246	8.34
1247	8.34
1248	8.34
1249	8.34
1250	8.34
1251	8.34
1252	8.34
1253	8.34
1254	8.34
1255	8.34
1256	8.34
1257	8.34
1258	8.34
1259	8.34
1260	8.34
1261	8.34
1262	8.34
1263	8.34
1264	8.34
1265	8.34
1266	8.34
1267	8.34
1268	8.34
1269	8.34
1270	8.34
1271	8.34
1272	8.34
1273	8.34
1274	8.34
1275	8.34
1276	8.34
1277	8.34
1278	8.34
1279	8.34
1280	8.34
1281	8.34
1282	8.34
1283	8.34
1284	8.34
1285	8.34
1286	8.34
1287	8.34
1288	8.34
1289	8.34
1290	8.34
1291	8.34
1292	8.34
1293	8.34
1294	8.34
1295	8.34
1296	8.34
1297	8.34
1298	8.34
1299	8.34
1300	8.34
1301	8.34
1302	8.34
1303	8.34
1304	8.34
1305	8.34
1306	8.34
1307	8.34
1308	8.34
1309	8.34
1310	8.34
1311	8.34
1312	8.34
1313	8.34
1314	8.34
1315	8.34
1316	8.34
1317	8.34
1318	8.34
1319	8.34
1320	8.34
1321	8.34
1322	8.34
1323	8.34
1324	8.34
1325	8.34
1326	8.34
1327	8.34
1328	8.34
1329	8.34
1330	8.34
1331	8.34
1332	8.34
1333	8.34
1334	8.34
1335	8.34
1336	8.34
1337	8.34
1338	8.34
1339	8.34
1340	8.34
1341	8.34
1342	8.34
1343	8.34
1344	8.34
1345	8.34
1346	8.34
1347	8.34
1348	8.34
1349	8.34
1350	8.34
1351	8.34
1352	8.34
1353	8.34
1354	8.34
1355	8.34
1356	8.34
1357	8.34
1358	8.34
1359	8.34
1360	8.34
1361	8.34
1362	8.34
1363	8.34
1364	8.34
1365	8.34
1366	8.34
1367	8.34
1368	8.34
1369	8.34
1370	8.34
1371	8.34
1372	8.34
1373	8.34
1374	8.34
1375	8.34
1376	8.34
1377	8.34
1378	8.34
1379	8.34
1380	8.34
1381	8.34
1382	8.34
1383	8.34
1384	8.34
1385	8.34
1386	8.34
1387	8.34
1388	8.34
1389	8.34
1390	8.34
1391	8.34
1392	8.34
1393	8.34
1394	8.34
1395	8.34
1396	8.34
1397	8.34
1398	8.34
1399	8.34
1400	8.34
1401	8.34
1402	8.34
1403	8.34
1404	8.34
1405	8.34
1406	8.34
1407	8.34
1408	8.34
1409	8.34
1410	8.34
1411	8.34
1412	8.34
1413	8.34
1414	8.34
1415	8.34
1416	8.34
1417	8.34
1418	8.34
1419	8.34
1420	8.34
1421	8.34
1422	8.34
1423	8.34
1424	8.34
1425	8.34
1426	8.34
1427	8.34
1428	8.34
1429	8.34
1430	8.34
1431	8.34
1432	8.34
1433	8.34
1434	8.34
1435	8.34
1436	8.34
1437	8.34
1438	8.34
1439	8.34
1440	8.34
1441	8.34
1442	8.34
1443	8.34
1444	8.34
1445	8.34
1446	8.34
1447	8.34
1448	8.34
1449	8.34
1450	8.34
1451	8.34
1452	8.34
1453	8.34
1454	8.34
1455	8.34
1456	8.34
1457	8.34
1458	8.34
1459	8.34
1460	8.34
1461	8.34
1462	8.34
1463	8.34
1464	8.34
1465	8.34
1466	8.34
1467	8.34
1468	8.34
1469	8.34
1470	8.34
1471	8.34
1472	8.34
1473	8.34
1474	8.34
1475	8.34
1476	8.34
1477	8.34
1478	8.34
1479	8.34
1480	8.34
1481	8.34
1482	8.34
1483	8.34
1484	8.34
1485	8.34
1486	8.34
1487	8.34
1488	8.34
1489	8.34
1490	8.34
1491	8.34
1492	8.34
1493	8.34
1494	8.34
1495	8.34
1496	8.34
1497	8.34
1498	8.34
1499	8.34
1500	8.34
1501	8.34
1502	8.34
1503	8.34
1504	8.34
1505	8.34
1506	8.34
1507	8.34
1508	8.34
1509	8.34
1510	8.34
1511	8.34
1512	8.34
1513	8.34
1514	8.34
1515	8.34
1516	8.34
1517	8.34
1518	8.34
1519	8.34
1520	8.34
1521	8.34
1522	8.34
1523	8.34
1524	8.34
1525	8.34
1526	8.34
1527	8.34
1528	8.34
1529	8.34
1530	8.34
1531	8.34
1532	8.34
1533	8.34
1534	8.34
1535	8.34
1536	8.34
1537	8.34
1538	8.34
1539	8.34
1540	8.34
1541	8.34
1542	8.34
1543	8.34
1544	8.34
1545	8.34
1546	8.34
1547	8.34
1548	8.34
1549	8.34
1550	8.34
1551	8.34
1552	8.34
1553	8.34
1554	8.34
1555	8.34
1556	8.34
1557	8.34
1558	8.34
1559	8.34
1560	8.34
1561	8.34
1562	8.34
1563	8.34
1564	8.34
1565	8.34
1566	8.34
1567	8.34
1568	8.34
1569	8.34
1570	8.34
1571	8.34
1572	8.34
1573	8.34
1574	8.34
1575	8.34
1576	8.34
1577	8.34
1578	8.34
1579	8.34
1580	8.34
1581	8.34
1582	8.34
1583	8.34
1584	8.34
1585	8.34
1586	8.34
1587	8.34
1588	8.34
1589	8.34
1590	8.34
1591	8.34
1592	8.34
1593	8.34
1594	8.34
1595	8.34
1596	8.34
1597	8.34
1598	8.34
1599	8.34
1600	8.34
1601	8.34
1602	8.34
1603	8.34
1604	8.34
1605	8.34
1606	8.34
1607	8.34
1608	8.34
1609	8.34
1610	8.34
1611	8.34
1612	8.34
1613	8.34
1614	8.34
1615	8.34
1616	8.34
1617	8.34
1618	8.34
1619	8.34
1620	8.34
1621	8.34
1622	8.34
1623	8.34
1624	8.34
1625	8.34
1626	8.34
1627	8.34
1628	8.34
1629	8.34
1630	8.34
1631	8.34
1632	8.34
1633	8.34
1634	8.34
1635	8.34
1636	8.34
1637	8.34
1638	8.34
1639	8.34
1640	8.34
1641	8.34
1642	8.34
1643	8.34
1644	8.34
1645	8.34
1646	8.34
1647	8.34
1648	8.34
1649	8.34
1650	8.34
1651	8.34
1652	8.34
1653	8.34
1654	8.34
1655	8.34
1656	8.34
1657	8.34
1658	8.34
1659	8.34
1660	8.34
1661	8.34
1662	8.34
1663	8.34
1664	8.34
1665	8.34
1666	8.34
1667	8.34
1668	8.34
1669	8.34
1670	8.34
1671	8.34
1672	8.34
1673	8.34
1674	8.34
1675	8.34
1676	8.34
1677	8.34
1678	8.34
1679	8.34
1680	8.34
1681	8.34
1682	8.34
1683	8.34
1684	8.34
1685	8.34
1686	8.34
1687	8.34
1688	8.34
1689	8.34
1690	8.34
1691	8.34
1692	8.34
1693	8.34
1694	8.34
1695	8.34
1696	8.34
1697	8.34
1698	8.34
1699	8.34
1700	8.34
1701	8.34
1702	8.34
1703	8.34
1704	8.34
1705	8.34
1706	8.34
1707	8.34
1708	8.34
1709	8.34
1710	8.34
1711	8.34
1712	8.34
1713	8.34
1714	8.34
1715	8.34
1716	8.34
1717	8.34
1718	8.34
1719	8.34
1720	8.34
1721	8.34
1722	8.34
1723	8.34
1724	8.34
1725	8.34
1726	8.34
1727	8.34
1728	8.34
1729	8.34
1730	8.34
1731	8.34
1732	8.34
1733	8.34
1734	8.34
1735	8.34
1736	8.34
1737	8.34
1738	8.34
1739	8.34
1740	8.34
1741	8.34
1742	8.34
1743	8.34
1744	8.34
1745	8.34
1746	8.34
1747	8.34
1748	8.34
1749	8.34
1750	8.34
1751	8.34
1752	8.34
1753	8.34
1754	8.34
1755	8.34
1756	8.34
1757	8.34
1758	8.34
1759	8.34
1760	8.34
1761	8.34
1762	8.34
1763	8.34
1764	8.34
1765	8.34
1766	8.34
1767	8.34
1768	8.34
1769	8.34
1770	8.34
1771	8.34
1772	8.34
1773	8.34
1774	8.34
1775	8.34
1776	8.34
1777	8.34
1778	8.34
1779	8.34
1780	8.34
1781	8.34
1782	8.34
1783	8.34
1784	8.34
1785	8.34
1786	8.34
1787	8.34
1788	8.34
1789	8.34
1790	8.34
1791	8.34
1792	8.34
1793	8.34
1794	8.34
1795	8.34
1796	8.34
1797	8.34
1798	8.34
1799	8.34
1800	8.34
1801	8.34
1802	8.34
1803	8.34
1804	8.34
1805	8.34
1806	8.34
1807	8.34
1808	8.34
1809	8.34
1810	8.34
1811	8.34
1812	8.34
1813	8.34
1814	8.34
1815	8.34
1816	8.34
1817	8.34
1818	8.34
1819	8.34
1820	8.34
1821	8.34
1822	8.34
1823	8.34
1824	8.34
1825	8.34
1826	8.34
1827	8.34
1828	8.34
1829	8.34
1830	8.34
1831	8.34
1832	8.34
1833	8.34
1834	8.34
1835	8.34
1836	8.34
1837	8.34
1838	8.34
1839	8.34
1840	8.34
1841	8.34
1842	8.34
1843	8.34
1844	8.34
1845	8.34
1846	8.34
1847	8.34
1848	8.34
1849	8.34
1850	8.34
1851	8.34
1852	8.34
1853	8.34
1854	8.34
1855	8.34
1856	8.34
1857	8.34
1858	8.34
1859	8.34
1860	8.34
1861	8.34
1862	8.34
1863	8.34
1864	8.34
1865	8.34
1866	8.34
1867	8.34
1868	8.34
1869	8.34
1870	8.34
1871	8.34
1872	8.34
1873	8.34
1874	8.34
1875	8.34
1876	8.34
1877	8.34
1878	8.34
1879	8.34
1880	8.34
1881	8.34
1882	8.34
1883	8.34
1884	8.34
1885	8.34
1886	8.34
1887	8.34
1888	8.34
1889	8.34
1890	8.34
1891	8.34
1892	8.34
1893	8.34
1894	8.34
1895	8.34
1896	8.34
1897	8.34
1898	8.34
1899	8.34
1900	8.34
1901	8.34
1902	8.34
1903	8.34
1904	8.34
1905	8.34
1906	8.34
1907	8.34
1908	8.34
1909	8.34
1910	8.34
1911	8.34
1912	8.34
1913	8.34
1914	8.34
1915	8.34
1916	8.34
1917	8.34
1918	8.34
1919	8.34
1920	8.34
1921	8.34
1922	8.34
1923	8.34
1924	8.34
1925	8.34
1926	8.34
1927	8.34
1928	8.34
1929	8.34
1930	8.34
1931	8.34
1932	8.34
1933	8.34
1934	8.34
1935	8.34
1936	8.34
1937	8.34
1938	8.34
1939	8.34
1940	8.34
1941	8.34
1942	8.34
1943	8.34
1944	8.34
1945	8.34
1946	8.34
1947	8.34
1948	8.34
1949	8.34
1950	8.34
1951	8.34
1952	8.34
1953	8.34
1954	8.34
1955	8.34
1956	8.34
1957	8.34
1958	8.34
1959	8.34
1960	8.34
1961	8.34
1962	8.34
1963	8.34
1964	8.34
1965	8.34
1966	8.34
1967	8.34
1968	8.34
1969	8.34
1970	8.34
1971	8.34
1972	8.34
1973	8.34
1974	8.34
1975	8.34
1976	8.34
1977	8.34
1978	8.34
1979	8.34
1980	8.34
1981	8.34
1982	8.34
1983	8.34
1984	8.34
1985	8.34
1986	8.34
1987	8.34
1988	8.34
1989	8.34
1990	8.34
1991	8.34
1992	8.34
1993	8.34
1994	8.34
1995	8.34
1996	8.34
1997	8.34
1998	8.34
1999	8.34
2000	8.34
2001	8.34
2002	8.34
2003	8.34
2004	8.34
2005	8.34
2006	8.34
2007	8.34
2008	8.34
2009	8.34
2010	8.34
2011	8.34
2012	8.34
2013	8.34
2014	8.34
2015	8.34
2016	8.34
2017	8.34
2018	8.34
2019	8.34
2020	8.34
2021	8.34
2022	8.34
2023	8.34
2024	8.34
2025	8.34
2026	8.34
2027	8.34
2028	8.34
2029	8.34
2030	8.34
2031	8.34
2032	8.34
2033	8.34
2034	8.34
2035	8.34
2036	8.34
2037	8.34
2038	8.34
2039	8.34
2040	8.34
2041	8.34
2042	8.34
2043	8.34
2044	8.34
2045	8.34
2046	8.34
2047	8.34
2048	8.34
2049	8.34
2050	8.34
2051	8.34
2052	8.34
2053	8.34
2054	8.34
2055	8.34
2056	8.34
2057	8.34
2058	8.34
2059	8.34
2060	8.34
2061	8.34
2062	8.34
2063	8.34
2064	8.34
2065	8.34
2066	8.34
2067	8.34
2068	8.34
2069	8.34
2070	8.34
2071	8.34
2072	8.34
2073	8.34
2074	8.34
2075	8.34
2076	8.34
2077	8.34
2078	8.34
2079	8.34
2080	8.34
2081	8.34
2082	8.34
2083	8.34
2084	8.34
2085	8.34
2086	8.34
2087	8.34
2088	8.34
2089	8.34
2090	8.34
2091	8.34
2092	8.34
2093	8.34
2094	8.34
2095	8.34
2096	8.34
2097	8.34
2098	8.34
2099	8.34
2100	8.34
2101	8.34
2102	8.34
2103	8.34
2104	8.34
2105	8.34
2106	8.34
2107	8.34
2108	8.34
2109	8.34
2110	8.34
2111	8.34
2112	8.34
2113	8.34
2114	8.34
2115	8.34
2116	8.34
2117	8.34
2118	8.34
2119	8.34
2120	8.34
2121	8.34
2122	8.34
2123	8.34
2124	8.34
2125	8.34
2126	8.34
2127	8.34
2128	8.34
2129	8.34
2130	8.34
2131	8.34
2132	8.34
2133	8.34
2134	8.34
2135	8.34
2136	8.34
2137	8.34
2138	8.34
2139	8.34
2140	8.34
2141	8.34
2142	8.34
2143	8.34
2144	8.34
2145	8.34
2146	8.34
2147	8.34
2148	8.34
2149	8.34
2150	8.34
2151	8.34
2152	8.34
2153	8.34
2154	8.34
2155	8.34
2156	8.34
2157	8.34
2158	8.34
2159	8.34
2160	8.34
2161	8.34
2162	8.34
2163	8.34
2164	8.34
2165	8.34
2166	8.34
2167	8.34
2168	8.34
2169	8.34
2170	8.34
2171	8.34
2172	8.34
2173	8.34
2174	8.34
2175	8.34
2176	8.34
2177	8.34
2178	8.34
2179	8.34
2180	8.34
2181	8.34
2182	8.34
2183	8.34
2184	8.34
2185	8.34
2186	8.34
2187	8.34
2188	8.34
2189	8.34
2190	8.34
2191	8.34
2192	8.34
2193	8.34
2194	8.34
2195	8.34
2196	8.34
2197	8.34
2198	8.34
2199	8.34
2200	8.34
2201	8.34
2202	8.34
2203	8.34
2204	8.34
2205	8.34
2206	8.34
2207	8.34
2208	8.34
2209	8.34
2210	8.34
2211	8.34
2212	8.34
2213	8.34
2214	8.34
2215	8.34
2216	8.34
2217	8.34
2218	8.34
2219	8.34
2220	8.34
2221	8.34
2222	8.34
2223	8.34
2224	8.34
2225	8.34
2226	8.34
2227	8.34
2228	8.34
2229	8.34
2230	8.34
2231	8.34
2232	8.34
2233	8.34
2234	8.34
2235	8.34
2236	8.34
2237	8.34
2238	8.34
2239	8.34
2240	8.34
2241	8.34
2242	8.34
2243	8.34
2244	8.34
2245	8.34
2246	8.34
2247	8.34
2248	8.34
2249	8.34
2250	8.34
2251	8.34
2252	8.34
2253	8.34
2254	8.34
2255	8.34
2256	8.34
2257	8.34
2258	8.34
2259	8.34
2260	8.34
2261	8.34
2262	8.34
2263	8.34
2264	8.34
2265	8.34
2266	8.34
2267	8.34
2268	8.34
2269	8.34
2270	8.34
2271	8.34
2272	8.34
2273	8.34
2274	8.34
2275	8.34
2276	8.34
2277	8.34
2278	8.34
2279	8.34
2280	8.34
2281	8.34
2282	8.34
2283	8.34
2284	8.34
2285	8.34
2286	8.34
2287	8.34
2288	8.34
2289	8.34
2290	8.34
2291	8.34
2292	8.34
2293	8.34
2294	8.34
2295	8.34
2296	8.34
2297	8.34
2298	8.34
2299	8.34
2300	8.34
2301	8.34
2302	8.34
2303	8.34
2304	8.34
2305	8.34
2306	8.34
2307	8.34
2308	8.34
2309	8.34
2310	8.34
2311	8.34
2312	8.34
2313	8.34
2314	8.34
2315	8.34
2316	8.34
2317	8.34
2318	8.34
2319	8.34
2320	8.34
2321	8.34
2322	8.34
2323	8.34
2324	8.34
2325	8.34
2326	8.34
2327	8.34
2328	8.34
2329	8.34
2330	8.34
2331	8.34
2332	8.34
2333	8.34
2334	8.34
2335	8.34
2336	8.34
2337	8.34
2338	8.34
2339	8.34
2340	8.34
2341	8.34
2342	8.34
2343	8.34
2344	8.34
2345	8.34
2346	8.34
2347	8.34
2348	8.34
2349	8.34
2350	8.34
2351	8.34
2352	8.34
2353	8.34
2354	8.34
2355	8.34
2356	8.34
2357	8.34
2358	8.34
2359	8.34
2360	8.34
2361	8.34
2362	8.34
2363	8.34
2364	8.34
2365	8.34
2366	8.34
2367	8.34
2368	8.34
2369	8.34
2370	8.34
2371	8.34
2372	8.34
2373	8.34
2374	8.34
2375	8.34
2376	8.34
2377	8.34
2378	8.34
2379	8.34
2380	8.34
2381	8.34
2382	8.34
2383	8.34
2384	8.34
2385	8.34
2386	8.34
2387	8.34
2388	8.34
2389	8.34
2390	8.34
2391	8.34
2392	8.34
2393	8.34
2394	8.34
2395	8.34
2396	8.34
2397	8.34
2398	8.34
2399	8.34
2400	8.34
2401	8.34
2402	8.34
2403	8.34
2404	8.34
2405	8.34
2406	8.34
2407	8.34
2408	8.34
2409	8.34
2410	8.34
2411	8.34
2412	8.34
2413	8.34
2414	8.34
2415	8.34
2416	8.34
2417	8.34
2418	8.34
2419	8.34
2420	8.34
2421	8.34
2422	8.34
2423	8.34
2424	8.34
2425	8.34
2426	8.34
2427	8.34
2428	8.34
2429	8.34
2430	8.34
2431	8.34
2432	8.34
2433	8.34
2434	8.34
2435	8.34
2436	8.34
2437	8.34
2438	8.34
2439	8.34
2440	8.34
2441	8.34
2442	8.34
2443	8.34
2444	8.34
2445	8.34
2446	8.34
2447	8.34
2448	8.34
2449	8.34
2450	8.34
2451	8.34
2452	8.34
2453	8.34
2454	8.34
2455	8.34
2456	8.34
2457	8.34
2458	8.34
2459	8.34
2460	8.34
2461	8.34
2462	8.34
2463	8.34
2464	8.34
2465	8.34
2466	8.34
2467	8.34
2468	8.34
2469	8.34
2470	8.34
2471	8.34
2472	8.34
2473	8.34
2474	8.34
2475	8.34
2476	8.34
2477	8.34
2478	8.34
2479	8.34
2480	8.34
2481	8.34
2482	8.34
2483	8.34
2484	8.34
2485	8.34
2486	8.34
2487	8.34
2488	8.34
2489	8.34
2490	8.34
2491	8.34
2492	8.34
2493	8.34
2494	8.34
2495	8.34
2496	8.34
2497	8.34
2498	8.34
2499	8.34
2500	8.34
2501	8.34
2502	8.34
2503	8.34
2504	8.34
2505	8.34
2506	8.34
2507	8.34
2508	8.34
2509	8.34
2510	8.34
2511	8.34
2512	8.34
2513	8.34
2514	8.34
2515	8.34
2516	8.34
2517	8.34
2518	8.34
2519	8.34
2520	8.34
2521	8.34
2522	8.34
2523	8.34
2524	8.34
2525	8.34
2526	8.34
2527	8.34
2528	8.34
2529	8.34
2530	8.34
2531	8.34
2532	8.34
2533	8.34
2534	8.34
2535	8.34
2536	8.34
2537	8.34
2538	8.34
2539	8.34
2540	8.34
2541	8.34
2542	8.34
2543	8.34
2544	8.34
2545	8.34
2546	8.34
2547	8.34
2548	8.34
2549	8.34
2550	8.34
2551	8.34
2552	8.34
2553	8.34
2554	8.34
2555	8.34
2556	8.34
2557	8.34
2558	8.34
2559	8.34
2560	8.34
2561	8.34
2562	8.34
2563	8.34
2564	8.34
2565	8.34
2566	8.34
2567	8.34
2568	8.34
2569	8.34
2570	8.34
2571	8.34
2572	8.34
2573	8.34
2574	8.34
2575	8.34
2576	8.34
2577	8.34
2578	8.34
2579	8.34
2580	8.34
2581	8.34
2582	8.34
2583	8.34
2584	8.34
2585	8.34
2586	8.34
2587	8.34
2588	8.34
2589	8.34
2590	8.34
2591	8.34
2592	8.34
2593	8.34
2594	8.34
2595	8.34
2596	8.34
2597	8.34
2598	8.34
2599	8.34
2600	8.34
2601	8.34
2602	8.34
2603	8.34
2604	8.34
2605	8.34
2606	8.34
2607	8.34
2608	8.34
2609	8.34
2610	8.34
2611	8.34
2612	8.34
2613	8.34
2614	8.34
2615	8.34
2616	8.34
2617	8.34
2618	8.34
2619	8.34
2620	8.34
2621	8.34
2622	8.34
2623	8.34
2624	8.34
2625	8.34
2626	8.34
2627	8.34
2628	8.34
2629	8.34
2630	8.34
2631	8.34
2632	8.34
2633	8.34
2634	8.34
2635	8.34
2636	8.34
2637	8.34
2638	8.34
2639	8.34
2640	8.34
2641	8.34
2642	8.34
2643	8.34
2644	8.34
2645	8.34
2646	8.34
2647	8.34
2648	8.34
2649	8.34
2650	8.34
2651	8.34
2652	8.34
2653	8.34
2654	8.34
2655	8.34
2656	8.34
2657	8.34
2658	8.34
2659	8.34
2660	8.34
2661	8.34
2662	8.34
2663	8.34
2664	8.34
2665	8.34
2666	8.34
2667	8.34
2668	8.34
2669	8.34
2670	8.34
2671	8.34
2672	8.34
2673	8.34
2674	8.34
2675	8.34
2676	8.34
2677	8.34
2678	8.34
2679	8.34
2680	8.34
2681	8.34
2682	8.34
2683	8.34
2684	8.34
2685	8.34
2686	8.34
2687	8.34
2688	8.34
2689	8.34
2690	8.34
2691	8.34
2692	8.34
2693	8.34
2694	8.34
2695	8.34
2696	8.34
2697	8.34
2698	8.34
2699	8.34
2700	8.34
2701	8.34
2702	8.34
2703	8.34
2704	8.34
2705	8.34
2706	8.34
2707	8.34
2708	8.34
2709	8.34
2710	8.34
2711	8.34
2712	8.34
2713	8.34
2714	8.34
2715	8.34
2716	8.34
2717	8.34
2718	8.34
2719	8.34
2720	8.34
2721	8.34
2722	8.34
2723	8.34
2724	8.34
2725	8.34
2726	8.34
2727	8.34
2728	8.34
2729	8.34
2730	8.34
2731	8.34
2732	8.34
2733	8.34
2734	8.34
2735	8.34
2736	8.34
2737	8.34
2738	8.34
2739	8.34
2740	8.34
2741	8.34
2742	8.34
2743	8.34
2744	8.34
2745	8.34
2746	8.34
2747	8.34
2748	8.34
2749	8.34
2750	8.34
2751	8.34
2752	8.34
2753	8.34
2754	8.34
2755	8.34
2756	8.34
2757	8.34
2758	8.34
2759	8.34
2760	8.34
2761	8.34
2762	8.34
2763	8.34
2764	8.34
2765	8.34
2766	8.34
2767	8.34
2768	8.34
2769	8.34
2770	8.34
2771	8.34
2772	8.34
2773	8.34
2774	8.34
2775	8.34
2776	8.34
2777	8.34
2778	8.34
2779	8.34
2780	8.34
2781	8.34
2782	8.34
2783	8.34
2784	8.34
2785	8.34
2786	8.34
2787	8.34
2788	8.34
2789	8.34
2790	8.34
2791	8.34
2792	8.34
2793	8.34
2794	8.34
2795	8.34
2796	8.34
2797	8.34
2798	8.34
2799	8.34
2800	8.34
2801	8.34
2802	8.34
2803	8.34
2804	8.34
2805	8.34
2806	8.34
2807	8.34
2808	8.34
2809	8.34
2810	8.34
2811	8.34
2812	8.34
2813	8.34
2814	8.34
2815	8.34
2816	8.34
2817	8.34
2818	8.34
2819	8.34
2820	8.34
2821	8.34
2822	8.34
2823	8.34
2824	8.34
2825	8.34
2826	8.34
2827	8.34
2828	8.34
2829	8.34
2830	8.34
2831	8.34
2832	8.34
2833	8.34
2834	8.34
2835	8.34
2836	8.34
2837	8.34
2838	8.34
2839	8.34
2840	8.34
2841	8.34
2842	8.34
2843	8.34
2844	8.34
2845	8.34
2846	8.34
2847	8.34
2848	8.34
2849	8.34
2850	8.34
2851	8.34
2852	8.34
2853	8.34
2854	8.34
2855	8.34
2856	8.34
2857	8.34
2858	8.34
2859	8.34
2860	8.34
2861	8.34
2862	8.34
2863	8.34
2864	8.34
2865	8.34
2866	8.34
2867	8.34
2868	8.34
2869	8.34
2870	8.34
2871	8.34
2872	8.34
2873	8.34
2874	8.34
2875	8.34
2876	8.34
2877	8.34
2878	8.34
2879	8.34
2880	8.34
2881	8.34
2882	8.34
2883	8.34
2884	8.34
2885	8.34
2886	8.34
2887	8.34
2888	8.34
2889	8.34
2890	8.34
2891	8.34
2892	8.34
2893	8.34
2894	8.34
2895	8.34
2896	8.34
2897	8.34
2898	8.34
2899	8.34
2900	8.34
2901	8.34
2902	8.34
2903	8.34
2904	8.34
2905	8.34
2906	8.34
2907	8.34
2908	8.34
2909	8.34
2910	8.34
2911	8.34
2912	8.34
2913	8.34
2914	8.34
2915	8.34
2916	8.34
2917	8.34
2918	8.34
2919	8.34
2920	8.34
2921	8.34
2922	8.34
2923	8.34
2924	8.34
2925	8.34
2926	8.34
2927	8.34
2928	8.34
2929	8.34
2930	8.34
2931	8.34
2932	8.34
2933	8.34
2934	8.34
2935	8.34
2936	8.34
2937	8.34
2938	8.34
2939	8.34
2940	8.34
2941	8.34
2942	8.34
2943	8.34
2944	8.34
2945	8.34
2946	8.34
2947	8.34
2948	8.34
2949	8.34
2950	8.34
2951	8.34
2952	8.34
2953	8.34
2954	8.34
2955	8.34
2956	8.34
2957	8.34
2958	8.34
2959	8.34
2960	8.34
2961	8.34
2962	8.34
2963	8.34
2964	8.34
2965	8.34
2966	8.34
2967	8.34
2968	8.34
2969	8.34
2970	8.34
2971	8.34
2972	8.34
2973	8.34
2974	8.34
2975	8.34
2976	8.34
2977	8.34
2978	8.34
2979	8.34
2980	8.34
2981	8.34
2982	8.34
2983	8.34
2984	8.34
2985	8.34
2986	8.34
2987	8.34
2988	8.34
2989	8.34
2990	8.34
2991	8.34
2992	8.34
2993	8.34
2994	8.34
2995	8.34
2996	8.34
2997	8.34
2998	8.34
2999	8.34
3000	8.34
3001	8.34
3002	8.34
3003	8.34
3004	8.34
3005	8.34
3006	8.34
3007	8.34
3008	8.34
3009	8.34
3010	8.34
3011	8.34
3012	8.34
3013	8.34
3014	8.34
3015	8.34
3016	8.34
3017	8.34
3018	8.34
3019	8.34
3020	8.34
3021	8.34
3022	8.34
3023	8.34
3024	8.34
3025	8.34
3026	8.34
3027	8.34
3028	8.34
3029	8.34
3030	8.34
3031	8.34
3032	8.34
3033	8.34
3034	8.34
3035	8.34
3036	8.34
3037	8.34
3038	8.34
3039	8.34
3040	8.34
3041	8.34
3042	8.34
3043	8.34
3044	8.34
3045	8.34
3046	8.34
3047	8.34
3048	8.34
3049	8.34
3050	8.34
3051	8.34
3052	8.34
3053	8.34
3054	8.34
3055	8.34
3056	8.34
3057	8.34
3058	8.34
3059	8.34
3060	8.34
3061	8.34
3062	8.34
3063	8.34
3064	8.34
3065	8.34
3066	8.34
3067	8.34
3068	8.34
3069	8.34
3070	8.34
3071	8.34
3072	8.34
3073	8.34
3074	8.34
3075	8.34
3076	8.34
3077	8.34
3078	8.34
3079	8.34
3080	8.34
3081	8.34
3082	8.34
3083	8.34
3084	8.34
3085	8.34
3086	8.34
3087	8.34
3088	8.34
3089	8.34
3090	8.34
3091	8.34
3092	8.34
3093	8.34
3094	8.34
3095	8.34
3096	8.34
3097	8.34
3098	8.34
3099	8.34
3100	8.34
3101	8.34
3102	8.34
3103	8.34
3104	8.34
3105	8.34
3106	8.34
3107	8.34
3108	8.34
3109	8.34
3110	8.34
3111	8.34
3112	8.34
3113	8.34
3114	8.34
3115	8.34
3116	8.34
3117	8.34
3118	8.34
3119	8.34
3120	8.34
3121	8.34
3122	8.34
3123	8.34
3124	8.34
3125	8.34
3126	8.34
3127	8.34
3128	8.34
3129	8.34
3130	8.34
3131	8.34
3132	8.34
3133	8.34
3134	8.34
3135	8.34
3136	8.34
3137	8.34
3138	8.34
3139	8.34
3140	8.34
3141	8.34
3142	8.34
3143	8.34
3144	8.34
3145	8.34
3146	8.34
3147	8.34
3148	8.34
3149	8.34
3150	8.34
3151	8.34
3152	8.34
3153	8.34
3154	8.34
3155	8.34
3156	8.34
3157	8.34
3158	8.34
3159	8.34
3160	8.34
3161	8.34
3162	8.34
3163	8.34
3164	8.34
3165	8.34
3166	8.34
3167	8.34
3168	8.34
3169	8.34
3170	8.34
3171	8.34
3172	8.34
3173	8.34
3174	8.34
3175	8.34
3176	8.34
3177	8.34
3178	8.34
3179	8.34
3180	8.34
3181	8.34
3182	8.34
3183	8.34
3184	8.34
3185	8.34
3186	8.34
3187	8.34
3188	8.34
3189	8.34
3190	8.34
3191	8.34
3192	8.34
3193	8.34
3194	8.34
3195	8.34
3196	8.34
3197	8.34
3198	8.34
3199	8.34
3200	8.34
3201	8.34
3202	8.34
3203	8.34
3204	8.34
3205	8.34
3206	8.34
3207	8.34
3208	8.34
3209	8.34
3210	8.34
3211	8.34
3212	8.34
3213	8.34
3214	8.34
3215	8.34
3216	8.34
3217	8.34
3218	8.34
3219	8.34
3220	8.34
3221	8.34
3222	8.34
3223	8.34
3224	8.34
3225	8.34
3226	8.34
3227	8.34
3228	8.34
3229	8.34
3230	8.34
3231	8.34
3232	8.34
3233	8.34
3234	8.34
3235	8.34
3236	8.34
3237	8.34
3238	8.34
3239	8.34
3240	8.34
3241	8.34
3242	8.34
3243	8.34
3244	8.34
3245	8.34
3246	8.34
3247	8.34
3248	8.34
3249	8.34
3250	8.34
3251	8.34
3252	8.34
3253	8.34
3254	8.34
3255	8.34
3256	8.34
3257	8.34
3258	8.34
3259	8.34
3260	8.34
3261	8.34
3262	8.34
3263	8.34
3264	8.34
3265	8.34
3266	8.34
3267	8.34
3268	8.34
3269	8.34
3270	8.34
3271	8.34
3272	8.34
3273	8.34
3274	8.34
3275	8.34
3276	8.34
3277	8.34
3278	8.34
3279	8.34
3280	8.34
3281	8.34
3282	8.34
3283	8.34
3284	8.34
3285	8.34
3286	8.34
3287	8.34
3288	8.34
3289	8.34
3290	8.34
3291	8.34
3292	8.34
3293	8.34
3294	8.34
3295	8.34
3296	8.34
3297	8.34
3298	8.34
3299	8.34
3300	8.34
3301	8.34
3302	8.34
3303	8.34
3304	8.34
3305	8.34
3306	8.34
3307	8.34
3308	8.34
3309	8.34
3310	8.34
3311	8.34
3312	8.34
3313	8.34
3314	8.34
3315	8.34
3316	8.34
3317	8.34
3318	8.34
3319	8.34
3320	8.34
3321	8.34
3322	8.34
3323	8.34
3324	8.34
3325	8.34
3326	8.34
3327	8.34
3328	8.34
3329	8.34
3330	8.34
3331	8.34
3332	8.34
3333	8.34
3334	8.34
3335	8.34
3336	8.34
3337	8.34
3338	8.34
3339	8.34
3340	8.34
3341	8.34
3342	8.34
3343	8.34
3344	8.34
3345	8.34
3346	8.34
3347	8.34
3348	8.34
3349	8.34
3350	8.34
3351	8.34
3352	8.34
3353	8.34
3354	8.34
3355	8.34
3356	8.34
3357	8.34
3358	8.34
3359	8.34
3360	8.34
3361	8.34
3362	8.34
3363	8.34
3364	8.34
3365	8.34
3366	8.34
3367	8.34
3368	8.34
3369	8.34
3370	8.34
3371	8.34
3372	8.34
3373	8.34
3374	8.34
3375	8.34
3376	8.34
3377	8.34
3378	8.34
3379	8.34
3380	8.34
3381	8.34
3382	8.34
3383	8.34
3384	8.34
3385	8.34
3386	8.34
3387	8.34
3388	8.34
3389	8.34
3390	8.34
3391	8.34
3392	8.34
3393	8.34
3394	8.34
3395	8.34
3396	8.34
3397	8.34
3398	8.34
3399	8.34
3400	8.34
3401	8.34
3402	8.34
3403	8.34
3404	8.34
3405	8.34
3406	8.34
3407	8.34
3408	8.34
3409	8.34
3410	8.34
3411	8.34
3412	8.34
3413	8.34
3414	8.34
3415	8.34
3416	8.34
3417	8.34
3418	8.34
3419	8.34
3420	8.34
3421	8.34
3422	8.34
3423	8.34
3424	8.34
3425	8.34
3426	8.34
3427	8.34
3428	8.34
3429	8.34
3430	8.34
3431	8.34
3432	8.34
3433	8.34
3434	8.34
3435	8.34
3436	8.34
3437	8.34
3438	8.34
3439	8.34
3440	8.34
3441	8.34
3442	8.34
3443	8.34
3444	8.34
3445	8.34
3446	8.34
3447	8.34
3448	8.34
3449	8.34
3450	8.34
3451	8.34
3452	8.34
3453	8.34
3454	8.34
3455	8.34
3456	8.34
3457	8.34
3458	8.34
3459	8.34
3460	8.34
3461	8.34
3462	8.34
3463	8.34
3464	8.34
3465	8.34
3466	8.34
3467	8.34
3468	8.34
3469	8.34
3470	8.34
3471	8.34
3472	8.34
3473	8.34
3474	8.34
3475	8.34
3476	8.34
3477	8.34
3478	8.34
3479	8.34
3480	8.34
3481	8.34
3482	8.34
3483	8.34
3484	8.34
3485	8.34
3486	8.34
3487	8.34
3488	8.34
3489	8.34
3490	8.34
3491	8.34
3492	8.34
3493	8.34
3494	8.34
3495	8.34
3496	8.34
3497	8.34
3498	8.34
3499	8.34
3500	8.34
3501	8.34
3502	8.34
3503	8.34
3504	8.34
3505	8.34
3506	8.34
3507	8.34
3508	8.34
3509	8.34
3510	8.34
3511	8.34
3512	8.34
3513	8.34
3514	8.34
3515	8.34
3516	8.34
3517	8.34
3518	8.34
3519	8.34
3520	8.34
3521	8.34
3522	8.34
3523	8.34
3524	8.34
3525	8.34
3526	8.34
3527	8.34
3528	8.34
3529	8.34
3530	8.34
3531	8.34
3532	8.34
3533	8.34
3534	8.34
3535	8.34
3536	8.34
3537	8.34
3538	8.34
3539	8.34
3540	8.34
3541	8.34
3542	8.34
3543	8.34
3544	8.34
3545	8.34
3546	8.34
3547	8.34
3548	8.34
3549	8.34
3550	8.34
3551	8.34
3552	8.34
3553	8.34
3554	8.34
3555	8.34
3556	8.34
3557	8.34
3558	8.34
3559	8.34
3560	8.34
3561	8.34
3562	8.34
3563	8.34
3564	8.34
3565	8.34
3566	8.34
3567	8.34
3568	8.34
3569	8.34
3570	8.34
3571	8.34
3572	8.34
3573	8.34
3574	8.34
3575	8.34
3576	8.34
3577	8.34
3578	8.34
3579	8.34
3580	8.34
3581	8.34
3582	8.34
3583	8.34
3584	8.34
3585	8.34
3586	8.34
3587	8.34
3588	8.34
3589	8.34
3590	8.34
3591	8.34
3592	8.34
3593	8.34
3594	8.34
3595	8.34
3596	8.34
3597	8.34
3598	8.34
3599	8.34
3600	8.34
3601	8.34
3602	8.34
3603	8.34
3604	8.34
3605	8.34
3606	8.34
3607	8.34
3608	8.34
3609	8.34
3610	8.34
3611	8.34
3612	8.34
3613	8.34
3614	8.34
3615	8.34
3616	8.34
3617	8.34
3618	8.34
3619	8.34
3620	8.34
3621	8.34
3622	8.34
3623	8.34
3624	8.34
3625	8.34
3626	8.34
3627	8.34
3628	8.34
3629	8.34
3630	8.34
3631	8.34
3632	8.34
3633	8.34
3634	8.34
3635	8.34
3636	8.34
3637	8.34
3638	8.34
3639	8.34
3640	8.34
3641	8.34
3642	8.34
3643	8.34
3644	8.34
3645	8.34
3646	8.34
3647	8.34
3648	8.34
3649	8.34
3650	8.34
3651	8.34
3652	8.34
3653	8.34
3654	8.34
3655	8.34
3656	8.34
3657	8.34
3658	8.34
3659	8.34
3660	8.34
3661	8.34
3662	8.34
3663	8.34
3664	8.34
3665	8.34
3666	8.34
3667	8.34
3668	8.34
3669	8.34
3670	8.34
3671	8.34
3672	8.34
3673	8.34
3674	8.34
3675	8.34
3676	8.34
3677	8.34
3678	8.34
3679	8.34
3680	8.34
3681	8.34
3682	8.34
3683	8.34
3684	8.34
3685	8.34
3686	8.34
3687	8.34
3688	8.34
3689	8.34
3690	8.34
3691	8.34
3692	8.34
3693	8.34
3694	8.34
3695	8.34
3696	8.34
3697	8.34
3698	8.34
3699	8.34
3700	8.34
3701	8.34
3702	8.34
3703	8.34
3704	8.34
3705	8.34
3706	8.34
3707	8.34
3708	8.34
3709	8.34
3710	8.34
3711	8.34
3712	8.34
3713	8.34
3714	8.34
3715	8.34
3716	8.34
3717	8.34
3718	8.34
3719	8.34
3720	8.34
3721	8.34
3722	8.34
3723	8.34
3724	8.34
3725	8.34
3726	8.34
3727	8.34
3728	8.34
3729	8.34
3730	8.34
3731	8.34
3732	8.34
3733	8.34
3734	8.34
3735	8.34
3736	8.34
3737	8.34
3738	8.34
3739	8.34
3740	8.34
3741	8.34
3742	8.34
3743	8.34
3744	8.34
3745	8.34
3746	8.34
3747	8.34
3748	8.34
3749	8.34
3750	8.34
3751	8.34
3752	8.34
3753	8.34
3754	8.34
3755	8.34
3756	8.34
3757	8.34
3758	8.34
3759	8.34
3760	8.34
3761	8.34
3762	8.34
3763	8.34
3764	8.34
3765	8.34
3766	8.34
3767	8.34
3768	8.34
3769	8.34
3770	8.34
3771	8.34
3772	8.34
3773	8.34
3774	8.34
3775	8.34
3776	8.34
3777	8.34
3778	8.34
3779	8.34
3780	8.34
3781	8.34
3782	8.34
3783	8.34
3784	8.34
3785	8.34
3786	8.34
3787	8.34
3788	8.34
3789	8.34
3790	8.34
3791	8.34
3792	8.34
3793	8.34
3794	8.34
3795	8.34
3796	8.34
3797	8.34
3798	8.34
3799	8.34
3800	8.34
3801	8.34
3802	8.34
3803	8.34
3804	8.34
3805	8.34
3806	8.34
3807	8.34
3808	8.34
3809	8.34
3810	8.34
3811	8.34
3812	8.34
3813	8.34
3814	8.34
3815	8.34
3816	8.34
3817	8.34
3818	8.34
3819	8.34
3820	8.34
3821	8.34
3822	8.34
3823	8.34
3824	8.34
3825	8.34
3826	8.34
3827	8.34
3828	8.34
3829	8.34
3830	8.34
3831	8.34
3832	8.34
3833	8.34
3834	8.34
3835	8.34
3836	8.34
3837	8.34
3838	8.34
3839	8.34
3840	8.34
3841	8.34
3842	8.34
3843	8.34
3844	8.34
3845	8.34
3846	8.34
3847	8.34
3848	8.34
3849	8.34
3850	8.34
3851	8.34
3852	8.34
3853	8.34
3854	8.34
3855	8.34
3856	8.34
3857	8.34
3858	8.34
3859	8.34
3860	8.34
3861	8.34
3862	8.34
3863	8.34
3864	8.34
3865	8.34
3866	8.34
3867	8.34
3868	8.34
3869	8.34
3870	8.34
3871	8.34
3872	8.34
3873	8.34
3874	8.34
3875	8.34
3876	8.34
3877	8.34
3878	8.34
3879	8.34
3880	8.34
3881	8.34
3882	8.34
3883	8.34
3884	8.34
3885	8.34
3886	8.34
3887	8.34
3888	8.34
3889	8.34
3890	8.34
3891	8.34
3892	8.34
3893	8.34
3894	8.34
3895	8.34
3896	8.34
3897	8.34
3898	8.34
3899	8.34
3900	8.34
3901	8.34
3902	8.34
3903	8.34
3904	8.34
3905	8.34
3906	8.34
3907	8.34
3908	8.34
3909	8.34
3910	8.34
3911	8.34
3912	8.34
3913	8.34
3914	8.34
3915	8.34
3916	8.34
3917	8.34
3918	8.34
3919	8.34
3920	8.34
3921	8.34
3922	8.34
3923	8.34
3924	8.34
3925	8.34
3926	8.34
3927	8.34
3928	8.34
3929	8.34
3930	8.34
3931	8.34
3932	8.34
3933	8.34
3934	8.34
3935	8.34
3936	8.34
3937	8.34
3938	8.34
3939	8.34
3940	8.34
3941	8.34
3942	8.34
3943	8.34
3944	8.34
3945	8.34
3946	8.34
3947	8.34
3948	8.34
3949	8.34
3950	8.34
3951	8.34
3952	8.34
3953	8.34
3954	8.34
3955	8.34
3956	8.34
3957	8.34
3958	8.34
3959	8.34
3960	8.34
3961	8.34
3962	8.34
3963	8.34
3964	8.34
3965	8.34
3966	8.34
3967	8.34
3968	8.34
3969	8.34
3970	8.34
3971	8.34
3972	8.34
3973	8.34
3974	8.34
3975	8.34
3976	8.34
3977	8.34
3978	8.34
3979	8.34
3980	8.34
3981	8.34
3982	8.34
3983	8.34
3984	8.34
3985	8.34
3986	8.34
3987	8.34
3988	8.34
3989	8.34
3990	8.34
3991	8.34
3992	8.34
3993	8.34
3994	8.34
3995	8.34
3996	8.34
3997	8.34
3998	8.34
3999	8.34
4000	8.34
4001	8.34
4002	8.34
4003	8.34
4004	8.34
4005	8.34
4006	8.34
4007	8.34
4008	8.34
4009	8.34
4010	8.34
4011	8.34
4012	8.34
4013	8.34
4014	8.34
4015	8.34
4016	8.34
4017	8.34
4018	8.34
4019	8.34
4020	8.34
4021	8.34
4022	8.34
4023	8.34
4024	8.34
4025	8.34
4026	8.34
4027	8.34
4028	8.34
4029	8.34
4030	8.34
4031	8.34
4032	8.34
4033	8.34
4034	8.34
4035	8.34
4036	8.34
4037	8.34
4038	8.34
4039	8.34
4040	8.34
4041	8.34
4042	8.34
4043	8.34
4044	8.34
4045	8.34
4046	8.34
4047	8.34
4048	8.34
4049	8.34
4050	8.34
4051	8.34
4052	8.34
4053	8.34
4054	8.34
4055	8.34
4056	8.34
4057	8.34
4058	8.34
4059	8.34
4060	8.34
4061	8.34
4062	8.34
4063	8.34
4064	8.34
4065	8.34
4066	8.34
4067	8.34
4068	8.34
4069	8.34
4070	8.34
4071	8.34
4072	8.34
4073	8.34
4074	8.34
4075	8.34
4076	8.34
4077	8.34
4078	8.34
4079	8.34
4080	8.34
4081	8.34
4082	8.34
4083	8.34
4084	8.34
4085	8.34
4086	8.34
4087	8.34
4088	8.34
4089	8.34
4090	8.34
4091	8.34
4092	8.34
4093	8.34
4094	8.34
4095	8.34
4096	8.34
4097	8.34
4098	8.34
4099	8.34
4100	8.34
4101	8.34
4102	8.34
4103	8.34
4104	8.34
4105	8.34
4106	8.34
4107	8.34
4108	8.34
4109	8.34
4110	8.34
4111	8.34
4112	8.34
4113	8.34
4114	8.34
4115	8.34
4116	8.34
4117	8.34
4118	8.34
4119	8.34
4120	8.34
4121	8.34
4122	8.34
4123	8.34
4124	8.34
4125	8.34
4126	8.34
4127	8.34
4128	8.34
4129	8.34
4130	8.34
4131	8.34
4132	8.34
4133	8.34
4134	8.34
4135	8.34
4136	8.34
4137	8.34
4138	8.34
4139	8.34
4140	8.34
4141	8.34
4142	8.34
4143	8.34
4144	8.34
4145	8.34
4146	8.34
4147	8.34
4148	8.34
4149	8.34
4150	8.34
4151	8.34
4152	8.34
4153	8.34
4154	8.34
4155	8.34
4156	8.34
4157	8.34
4158	8.34
4159	8.34
4160	8.34
4161	8.34
4162	8.34
4163	8.34
4164	8.34
4165	8.34
4166	8.34
4167	8.34
4168	8.34
4169	8.34
4170	8.34
4171	8.34
4172	8.34
4173	8.34
4174	8.34
4175	8.34
4176	8.34
4177	8.34
4178	8.34
4179	8.34
4180	8.34
4181	8.34
4182	8.34
4183	8.34
4184	8.34
4185	8.34
4186	8.34
4187	8.34
4188	8.34
4189	8.34
4190	8.34
4191	8.34
4192	8.34
4193	8.34
4194	8.34
4195	8.34
4196	8.34
4197	8.34
4198	8.34
4199	8.34
4200	8.34
4201	8.34
4202	8.34
4203	8.34
4204	8.34
4205	8.34
4206	8.34
4207	8.34
4208	8.34
4209	8.34
4210	8.34
4211	8.34
4212	8.34
4213	8.34
4214	8.34
4215	8.34
4216	8.34
4217	8.34
4218	8.34
4219	8.34
4220	8.34
4221	8.34
4222	8.34
4223	8.34
4224	8.34
4225	8.34
4226	8.34
4227	8.34
4228	8.34
4229	8.34
4230	8.34
4231	8.34
4232	8.34
4233	8.34
4234	8.34
4235	8.34
4236	8.34
4237	8.34
4238	8.34
4239	8.34
4240	8.34
4241	8.34
4242	8.34
4243	8.34
4244	8.34
4245	8.34
4246	8.34
4247	8.34
4248	8.34
4249	8.34
4250	8.34
4251	8.34
4252	8.34
4253	8.34
4254	8.34
4255	8.34
4256	8.34
4257	8.34
4258	8.34
4259	8.34
4260	8.34
4261	8.34
4262	8.34
4263	8.34
4264	8.34
4265	8.34
4266	8.34
4267	8.34
4268	8.34
4269	8.34
4270	8.34
4271	8.34
4272	8.34
4273	8.34
4274	8.34
4275	8.34
4276	8.34
4277	8.34
4278	8.34
4279	8.34
4280	8.34
4281	8.34
4282	8.34
4283	8.34
4284	8.34
4285	8.34
4286	8.34
4287	8.34
4288	8.34
4289	8.34
4290	8.34
4291	8.34
4292	8.34
4293	8.34
4294	8.34
4295	8.34
4296	8.34
4297	8.34
4298	8.34
4299	8.34
4300	8.34
4301	8.34
4302	8.34
4303	8.34
4304	8.34
4305	8.34
4306	8.34
4307	8.34
4308	8.34
4309	8.34
4310	8.34
4311	8.34
4312	8.34
4313	8.34
4314	8.34
4315	8.34
4316	8.34
4317	8.34
4318	8.34
4319	8.34
4320	8.34
4321	8.34
4322	8.34
4323	8.34
4324	8.34
4325	8.34
4326	8.34
4327	8.34
4328	8.34
4329	8.34
4330	8.34
4331	8.34
4332	8.34
4333	8.34
4334	8.34
4335	8.34
4336	8.34
4337	8.34
4338	8.34
4339	8.34
4340	8.34
4341	8.34
4342	8.34
4343	8.34
4344	8.34
4345	8.34
4346	8.34
4347	8.34
4348	8.34
4349	8.34
4350	8.34
4351	8.34
4352	8.34
4353	8.34
4354	8.34
4355	8.34
4356	8.34
4357	8.34
4358	8.34
4359	8.34
4360	8.34
4361	8.34
4362	8.34
4363	8.34
4364	8.34
4365	8.34
4366	8.34
4367	8.34
4368	8.34
4369	8.34
4370	8.34
4371	8.34
4372	8.34
4373	8.34
4374	8.34
4375	8.34
4376	8.34
4377	8.34
4378	8.34
4379	8.34
4380	8.34
4381	8.34
4382	8.34
4383	8.34
4384	8.34
4385	8.34
4386	8.34
4387	8.34
4388	8.34
4389	8.34
4390	8.34
4391	8.34
4392	8.34
4393	8.34
4394	8.34
4395	8.34
4396	8.34
4397	8.34
4398	8.34
4399	8.34
4400	8.34
4401	8.34
4402	8.34
4403	8.34
4404	8.34
4405	8.34
4406	8.34
4407	8.34
4408	8.34
4409	8.34
4410	8.34
4411	8.34
4412	8.34
4413	8.34
4414	8.34
4415	8.34
4416	8.34
4417	8.34
4418	8.34
4419	8.34
4420	8.34
4421	8.34
4422	8.34
4423	8.34
4424	8.34
4425	8.34
4426	8.34
4427	8.34
4428	8.34
4429	8.34
4430	8.34
4431	8.34
4432	8.34
4433	8.34
4434	8.34
4435	8.34
4436	8.34
4437	8.34
4438	8.34
4439	8.34
4440	8.34
4441	8.34
4442	8.34
4443	8.34
4444	8.34
4445	8.34
4446	8.34
4447	8.34
4448	8.34
4449	8.34
4450	8.34
4451	8.34
4452	8.34
4453	8.34
4454	8.34
4455	8.34
4456	8.34
4457	8.34
4458	8.34
4459	8.34
4460	8.34
4461	8.34
4462	8.34
4463	8.34
4464	8.34
4465	8.34
4466	8.34
4467	8.34
4468	8.34
4469	8.34
4470	8.34
4471	8.34
4472	8.34
4473	8.34
4474	8.34
4475	8.34
4476	8.34
4477	8.34
4478	8.34
4479	8.34
4480	8.34
4481	8.34
4482	8.34
4483	8.34
4484	8.34
4485	8.34
4486	8.34
4487	8.34
4488	8.34
4489	8.34
4490	8.34
4491	8.34
4492	8.34
4493	8.34
4494	8.34
4495	8.34
4496	8.34
4497	8.34
4498	8.34
4499	8.34
4500	8.34
4501	8.34
4502	8.34
4503	8.34
4504	8.34
4505	8.34
4506	8.34
4507	8.34
4508	8.34
4509	8.34
4510	8.34
4511	8.34
4512	8.34
4513	8.34
4514	8.34
4515	8.34
4516	8.34
4517	8.34
4518	8.34
4519	8.34
4520	8.34
4521	8.34
4522	8.34
4523	8.34
4524	8.34
4525	8.34
4526	8.34
4527	8.34
4528	8.34
4529	8.34
4530	8.34
4531	8.34
4532	8.34
4533	8.34
4534	8.34
4535	8.34
4536	8.34
4537	8.34
4538	8.34
4539	8.34
4540	8.34
4541	8.34
4542	8.34
4543	8.34
4544	8.34
4545	8.34
4546	8.34
4547	8.34
4548	8.34
4549	8.34
4550	8.34
4551	8.34
4552	8.34
4553	8.34
4554	8.34
4555	8.34
4556	8.34
4557	8.34
4558	8.34
4559	8.34
4560	8.34
4561	8.34
4562	8.34
4563	8.34
4564	8.34
4565	8.34
4566	8.34
4567	8.34
4568	8.34
4569	8.34
4570	8.34
4571	8.34
4572	8.34
4573	8.34
4574	8.34
4575	8.34
4576	8.34
4577	8.34
4578	8.34
4579	8.34
4580	8.34
4581	8.34
4582	8.34
4583	8.34
4584	8.34
4585	8.34
4586	8.34
4587	8.34
4588	8.34
4589	8.34
4590	8.34
4591	8.34
4592	8.34
4593	8.34
4594	8.34
4595	8.34
4596	8.34
4597	8.34
4598	8.34
4599	8.34
4600	8.34
4601	8.34
4602	8.34
4603	8.34
4604	8.34
4605	8.34
4606	8.34
4607	8.34
4608	8.34
4609	8.34
4610	8.34
4611	8.34
4612	8.34
4613	8.34
4614	8.34
4615	8.34
4616	8.34
4617	8.34
4618	8.34
4619	8.34
4620	8.34
4621	8.34
4622	8.34
4623	8.34
4624	8.34
4625	8.34
4626	8.34
4627	8.34
4628	8.34
4629	8.34
4630	8.34
4631	8.34
4632	8.34
4633	8.34
4634	8.34
4635	8.34
4636	8.34
4637	8.34
4638	8.34
4639	8.34
4640	8.34
4641	8.34
4642	8.34
4643	8.34
4644	8.34
4645	8.34
4646	8.34
4647	8.34
4648	8.34
4649	8.34
4650	8.34
4651	8.34
4652	8.34
4653	8.34
4654	8.34
4655	8.34
4656	8.34
4657	8.34
4658	8.34
4659	8.34
4660	8.34
4661	8.34
4662	8.34
4663	8.34
4664	8.34
4665	8.34
4666	8.34
4667	8.34
4668	8.34
4669	8.34
4670	8.34
4671	8.34
4672	8.34
4673	8.34
4674	8.34
4675	8.34
4676	8.34
4677	8.34
4678	8.34
4679	8.34
4680	8.34
4681	8.34
4682	8.34
4683	8.34
4684	8.34
4685	8.34
4686	8.34
4687	8.34
4688	8.34
4689	8.34
4690	8.34
4691	8.34
4692	8.34
4693	8.34
4694	8.34
4695	8.34
4696	8.34
4697	8.34
4698	8.34
4699	8.34
4700	8.34
4701	8.34
4702	8.34
4703	8.34
4704	8.34
4705	8.34
4706	8.34
4707	8.34
4708	8.34
4709	8.34
4710	8.34
4711	8.34
4712	8.34
4713	8.34
4714	8.34
4715	8.34
4716	8.34
4717	8.34
4718	8.34
4719	8.34
4720	8.34
4721	8.34
4722	8.34
4723	8.34
4724	8.34
4725	8.34
4726	8.34
4727	8.34
4728	8.34
4729	8.34
4730	8.34
4731	8.34
4732	8.34
4733	8.34
4734	8.34
4735	8.34
4736	8.34
4737	8.34
4738	8.34
4739	8.34
4740	8.34
4741	8.34
4742	8.34
4743	8.34
4744	8.34
4745	8.34
4746	8.34
4747	8.34
4748	8.34
4749	8.34
4750	8.34
4751	8.34
4752	8.34
4753	8.34
4754	8.34
4755	8.34
4756	8.34
4757	8.34
4758	8.34
4759	8.34
4760	8.34
4761	8.34
4762	8.34
4763	8.34
4764	8.34
4765	8.34
4766	8.34
4767	8.34
4768	8.34
4769	8.34
4770	8.34
4771	8.34
4772	8.34
4773	8.34
4774	8.34
4775	8.34
4776	8.34
4777	8.34
4778	8.34
4779	8.34
4780	8.34
4781	8.34
4782	8.34
4783	8.34
4784	8.34
4785	8.34
4786	8.34
4787	8.34
4788	8.34
4789	8.34
4790	8.34
4791	8.34
4792	8.34
4793	8.34
4794	8.34
4795	8.34
4796	8.34
4797	8.34
4798	8.34
4799	8.34
4800	8.34
4801	8.34
4802	8.34
4803	8.34
4804	8.34
4805	8.34
4806	8.34
4807	8.34
4808	8.34
4809	8.34
4810	8.34
4811	8.34
4812	8.34
4813	8.34
4814	8.34
4815	8.34
4816	8.34
4817	8.34
4818	8.34
4819	8.34
4820	8.34
4821	8.34
4822	8.34
4823	8.34
4824	8.34
4825	8.34
4826	8.34
4827	8.34
4828	8.34
4829	8.34
4830	8.34
4831	8.34
4832	8.34
4833	8.34
4834	8.34
4835	8.34
4836	8.34
4837	8.34
4838	8.34
4839	8.34
4840	8.34
4841	8.34
4842	8.34
4843	8.34
4844	8.34
4845	8.34
4846	8.34
4847	8.34
4848	8.34
4849	8.34
4850	8.34
4851	8.34
4852	8.34
4853	8.34
4854	8.34
4855	8.34
4856	8.34
4857	8.34
4858	8.34
4859	8.34
4860	8.34
4861	8.34
4862	8.34
4863	8.34
4864	8.34
4865	8.34
4866	8.34
4867	8.34
4868	8.34
4869	8.34
4870	8.34
4871	8.34
4872	8.34
4873	8.34
4874	8.34
4875	8.34
4876	8.34
4877	8.34
4878	8.34
4879	8.34
4880	8.34
4881	8.34
4882	8.34
4883	8.34
4884	8.34
4885	8.34
4886	8.34
4887	8.34
4888	8.34
4889	8.34
4890	8.34
4891	8.34
4892	8.34
4893	8.34
4894	8.34
4895	8.34
4896	8.34
4897	8.34
4898	8.34
4899	8.34
4900	8.34
4901	8.34
4902	8.34
4903	8.34
4904	8.34
4905	8.34
4906	8.34
4907	8.34
4908	8.34
4909	8.34
4910	8.34
4911	8.34
4912	8.34
4913	8.34
4914	8.34
4915	8.34
4916	8.34
4917	8.34
4918	8.34
4919	8.34
4920	8.34
4921	8.34
4922	8.34
4923	8.34
4924	8.34
4925	8.34
4926	8.34
4927	8.34
4928	8.34
4929	8.34
4930	8.34
4931	8.34
4932	8.34
4933	8.34
4934	8.34
4935	8.34
4936	8.34
4937	8.34
4938	8.34
4939	8.34
4940	8.34
4941	8.34
4942	8.34
4943	8.34
4944	8.34
4945	8.34
4946	8.34
4947	8.34
4948	8.34
4949	8.34
4950	8.34
4951	8.34
4952	8.34
4953	8.34
4954	8.34
4955	8.34
4956	8.34
4957	8.34
4958	8.34
4959	8.34
4960	8.34
4961	8.34
4962	8.34
4963	8.34
4964	8.34
4965	8.34
4966	8.34
4967	8.34
4968	8.34
4969	8.34
4970	8.34
4971	8.34
4972	8.34
4973	8.34
4974	8.34
4975	8.34
4976	8.34
4977	8.34
4978	8.34
4979	8.34
4980	8.34
4981	8.34
4982	8.34
4983	8.34
4984	8.34
4985	8.34
4986	8.34
4987	8.34
4988	8.34
4989	8.34
4990	8.34
4991	8.34
4992	8.34
4993	8.34
4994	8.34
4995	8.34
4996	8.34
4997	8.34
4998	8.34
4999	8.34
5000	8.34
5001	8.34
5002	8.34
5003	8.34
5004	8.34
5005	8.34
5006	8.34
5007	8.34
5008	8.34
5009	8.34
5010	8.34
5011	8.34
5012	8.34
5013	8.34
5014	8.34
5015	8.34
5016	8.34
5017	8.34
5018	8.34
5019	8.34
5020	8.34
5021	8.34
5022	8.34
5023	8.34
5024	8.34
5025	8.34
5026	8.34
5027	8.34
5028	8.34
5029	8.34
5030	8.34
5031	8.34
5032	8.34
5033	8.34
5034	8.34
5035	8.34
5036	8.34
5037	8.34
5038	8.34
5039	8.34
5040	8.34
5041	8.34
5042	8.34
5043	8.34
5044	8.34
5045	8.34
5046	8.34
5047	8.34
5048	8.34
5049	8.34
5050	8.34
5051	8.34
5052	8.34
5053	8.34
5054	8.34
5055	8.34
5056	8.34
5057	8.34
5058	8.34
5059	8.34
5060	8.34
5061	8.34
5062	8.34
5063	8.34
5064	8.34
5065	8.34
5066	8.34
5067	8.34
5068	8.34
5069	8.34
5070	8.34
5071	8.34
5072	8.34
5073	8.34
5074	8.34
5075	8.34
5076	8.34
5077	8.34
5078	8.34
5079	8.34
5080	8.34
5081	8.34
5082	8.34
5083	8.34
5084	8.34
5085	8.34
5086	8.34
5087	8.34
5088	8.34
5089	8.34
5090	8.34
5091	8.34
5092	8.34
5093	8.34
5094	8.34
5095	8.34
5096	8.34
5097	8.34
5098	8.34
5099	8.34
5100	8.34
5101	8.34
5102	8.34
5103	8.34
5104	8.34
5105	8.34
5106	8.34
5107	8.34
5108	8.34
5109	8.34
5110	8.34
5111	8.34
5112	8.34
5113	8.34
5114	8.34
5115	8.34
5116	8.34
5117	8.34
5118	8.34
5119	8.34
5120	8.34
5121	8.34
5122	8.34
5123	8.34
5124	8.34
5125	8.34
5126	8.34
5127	8.34
5128	8.34
5129	8.34
5130	8.34
5131	8.34
5132	8.34
5133	8.34
5134	8.34
5135	8.34
5136	8.34
5137	8.34
5138	8.34
5139	8.34
5140	8.34
5141	8.34
5142	8.34
5143	8.34
5144	8.34
5145	8.34
5146	8.34
5147	8.34
5148	8.34
5149	8.34
5150	8.34
5151	8.34
5152	8.34
5153	8.34
5154	8.34
5155	8.34
5156	8.34
5157	8.34
5158	8.34
5159	8.34
5160	8.34
5161	8.34
5162	8.34
5163	8.34
5164	8.34
5165	8.34
5166	8.34
5167	8.34
5168	8.34
5169	8.34
5170	8.34
5171	8.34
5172	8.34
5173	8.34
5174	8.34
5175	8.34
5176	8.34
5177	8.34
5178	8.34
5179	8.34
5180	8.34
5181	8.34
5182	8.34
5183	8.34
5184	8.34
5185	8.34
5186	8.34
5187	8.34
5188	8.34
5189	8.34
5190	8.34
5191	8.34
5192	8.34
5193	8.34
5194	8.34
5195	8.34
5196	8.34
5197	8.34
5198	8.34
5199	8.34
5200	8.34
5201	8.34
5202	8.34
5203	8.34
5204	8.34
5205	8.34
5206	8.34
5207	8.34
5208	8.34
5209	8.34
5210	8.34
5211	8.34
5212	8.34
5213	8.34
5214	8.34
5215	8.34
5216	8.34
5217	8.34
5218	8.34
5219	8.34
5220	8.34
5221	8.34
5222	8.34
5223	8.34
5224	8.34
5225	8.34
5226	8.34
5227	8.34
5228	8.34
5229	8.34
5230	8.34
5231	8.34
5232	8.34
5233	8.34
5234	8.34
5235	8.34
5236	8.34
5237	8.34
5238	8.34
5239	8.34
5240	8.34
5241	8.34
5242	8.34
5243	8.34
5244	8.34
5245	8.34
5246	8.34
5247	8.34
5248	8.34
5249	8.34
5250	8.34
5251	8.34
5252	8.34
5253	8.34
5254	8.34
5255	8.34
5256	8.34
5257	8.34
5258	8.34
5259	8.34
5260	8.34
5261	8.34
5262	8.34
5263	8.34
5264	8.34
5265	8.34
5266	8.34
5267	8.34
5268	8.34
5269	8.34
5270	8.34
5271	8.34
5272	8.34
5273	8.34
5274	8.34
5275	8.34
5276	8.34
5277	8.34
5278	8.34
5279	8.34
5280	8.34
5281	8.34
5282	8.34
5283	8.34
5284	8.34
5285	8.34
5286	8.34
5287	8.34
5288	8.34
5289	8.34
5290	8.34
5291	8.34
5292	8.34
5293	8.34
5294	8.34
5295	8.34
5296	8.34
5297	8.34
5298	8.34
5299	8.34
5300	8.34
5301	8.34
5302	8.34
5303	8.34
5304	8.34
5305	8.34
5306	8.34
5307	8.34
5308	8.34
5309	8.34
5310	8.34
5311	8.34
5312	8.34
5313	8.34
5314	8.34
5315	8.34
5316	8.34
5317	8.34
5318	8.34
5319	8.34
5320	8.34
5321	8.34
5322	8.34
5323	8.34
5324	8.34
5325	8.34
5326	8.34
5327	8.34
5328	8.34
5329	8.34
5330	8.34
5331	8.34
5332	8.34
5333	8.34
5334	8.34
5335	8.34
5336	8.34
5337	8.34
5338	8.34
5339	8.34
5340	8.34
5341	8.34
5342	8.34
5343	8.34
5344	8.34
5345	8.34
5346	8.34
5347	8.34
5348	8.34
5349	8.34
5350	8.34
5351	8.34
5352	8.34
5353	8.34
5354	8.34
5355	8.34
5356	8.34
5357	8.34
5358	8.34
5359	8.34
5360	8.34
5361	8.34
5362	8.34
5363	8.34
5364	8.34
5365	8.34
5366	8.34
5367	8.34
5368	8.34
5369	8.34
5370	8.34
5371	8.34
5372	8.34
5373	8.34
5374	8.34
5375	8.34
5376	8.34
5377	8.34
5378	8.34
5379	8.34
5380	8.34
5381	8.34
5382	8.34
5383	8.34
5384	8.34
5385	8.34
5386	8.34
5387	8.34
5388	8.34
5389	8.34
5390	8.34
5391	8.34
5392	8.34
5393	8.34
5394	8.34
5395	8.34
5396	8.34
5397	8.34
5398	8.34
5399	8.34
5400	8.34
5401	8.34
5402	8.34
5403	8.34
5404	8.34
5405	8.34
5406	8.34
5407	8.34
5408	8.34
5409	8.34
5410	8.34
5411	8.34
5412	8.34
5413	8.34
5414	8.34
5415	8.34
5416	8.34
5417	8.34
5418	8.34
5419	8.34
5420	8.34
5421	8.34
5422	8.34
5423	8.34
5424	8.34
5425	8.34
5426	8.34
5427	8.34
5428	8.34
5429	8.34
5430	8.34
5431	8.34
5432	8.34
5433	8.34
5434	8.34
5435	8.34
5436	8.34
5437	8.34
5438	8.34
5439	8.34
5440	8.34
5441	8.34
5442	8.34
5443	8.34
5444	8.34
5445	8.34
5446	8.34
5447	8.34
5448	8.34
5449	8.34
5450	8.34
5451	8.34
5452	8.34
5453	8.34
5454	8.34
5455	8.34
5456	8.34
5457	8.34
5458	8.34
5459	8.34
5460	8.34
5461	8.34
5462	8.34
5463	8.34
5464	8.34
5465	8.34
5466	8.34
5467	8.34
5468	8.34
5469	8.34
5470	8.34
5471	8.34
5472	8.34
5473	8.34
5474	8.34
5475	8.34
5476	8.34
5477	8.34
5478	8.34
5479	8.34
5480	8.34
5481	8.34
5482	8.34
5483	8.34
5484	8.34
5485	8.34
5486	8.34
5487	8.34
5488	8.34
5489	8.34
5490	8.34
5491	8.34
5492	8.34
5493	8.34
5494	8.34
5495	8.34
5496	8.34
5497	8.34
5498	8.34
5499	8.34
5500	8.34
5501	8.34
5502	8.34
5503	8.34
5504	8.34
5505	8.34
5506	8.34
5507	8.34
5508	8.34
5509	8.34
5510	8.34
5511	8.34
5512	8.34
5513	8.34
5514	8.34
5515	8.34
5516	8.34
5517	8.34
5518	8.34
5519	8.34
5520	8.34
5521	8.34
5522	8.34
5523	8.34
5524	8.34
5525	8.34
5526	8.34
5527	8.34
5528	8.34
5529	8.34
5530	8.34
5531	8.34
5532	8.34
5533	8.34
5534	8.34
5535	8.34
5536	8.34
5537	8.34
5538	8.34
5539	8.34
5540	8.34
5541	8.34
5542	8.34
5543	8.34
5544	8.34
5545	8.34
5546	8.34
5547	8.34
5548	8.34
5549	8.34
5550	8.34
5551	8.34
5552	8.34
5553	8.34
5554	8.34
5555	8.34
5556	8.34
5557	8.34
5558	8.34
5559	8.34
5560	8.34
5561	8.34
5562	8.34
5563	8.34
5564	8.34
5565	8.34
5566	8.34
5567	8.34
5568	8.34
5569	8.34
5570	8.34
5571	8.34
5572	8.34
5573	8.34
5574	8.34
5575	8.34
5576	8.34
5577	8.34
5578	8.34
5579	8.34
5580	8.34
5581	8.34
5582	8.34
5583	8.34
5584	8.34
5585	8.34
5586	8.34
5587	8.34
5588	8.34
5589	8.34
5590	8.34
5591	8.34
5592	8.34
5593	8.34
5594	8.34
5595	8.34
5596	8.34
5597	8.34
5598	8.34
5599	8.34
5600	8.34
5601	8.34
5602	8.34
5603	8.34
5604	8.34
5605	8.34
5606	8.34
5607	8.34
5608	8.34
5609	8.34
5610	8.34
5611	8.34
5612	8.34
5613	8.34
5614	8.34
5615	8.34
5616	8.34
5617	8.34
5618	8.34
5619	8.34
5620	8.34
5621	8.34
5622	8.34
5623	8.34
5624	8.34
5625	8.34
5626	8.34
5627	8.34
5628	8.34
5629	8.34
5630	8.34
5631	8.34
5632	8.34
5633	8.34
5634	8.34
5635	8.34
5636	8.34
5637	8.34
5638	8.34
5639	8.34
5640	8.34
5641	8.34
5642	8.34
5643	8.34
5644	8.34
5645	8.34
5646	8.34
5647	8.34
5648	8.34
5649	8.34
5650	8.34
5651	8.34
5652	8.34
5653	8.34
5654	8.34
5655	8.34
5656	8.34
5657	8.34
5658	8.34
5659	8.34
5660	8.34
5661	8.34
5662	8.34
5663	8.34
5664	8.34
5665	8.34
5666	8.34
5667	8.34
5668	8.34
5669	8.34
5670	8.34
5671	8.34
5672	8.34
5673	8.34
5674	8.34
5675	8.34
5676	8.34
5677	8.34
5678	8.34
5679	8.34
5680	8.34
5681	8.34
5682	8.34
5683	8.34
5684	8.34
5685	8.34
5686	8.34
5687	8.34
5688	8.34
5689	8.34
5690	8.34
5691	8.34
5692	8.34
5693	8.34
5694	8.34
5695	8.34
5696	8.34
5697	8.34
5698	8.34
5699	8.34
5700	8.34
5701	8.34
5702	8.34
5703	8.34
5704	8.34
5705	8.34
5706	8.34
5707	8.34
5708	8.34
5709	8.34
5710	8.34
5711	8.34
5712	8.34
5713	8.34
5714	8.34
5715	8.34
5716	8.34
5717	8.34
5718	8.34
5719	8.34
5720	8.34
5721	8.34
5722	8.34
5723	8.34
5724	8.34
5725	8.34
5726	8.34
5727	8.34
5728	8.34
5729	8.34
5730	8.34
5731	8.34
5732	8.34
5733	8.34
5734	8.34
5735	8.34
5736	8.34
5737	8.34
5738	8.34
5739	8.34
5740	8.34
5741	8.34
5742	8.34
5743	8.34
5744	8.34
5745	8.34
5746	8.34
5747	8.34
5748	8.34
5749	8.34
5750	8.34
5751	8.34
5752	8.34
5753	8.34
5754	8.34
5755	8.34
5756	8.34
5757	8.34
5758	8.34
5759	8.34
5760	8.34
5761	8.34
5762	8.34
5763	8.34
5764	8.34
5765	8.34
5766	8.34
5767	8.34
5768	8.34
5769	8.34
5770	8.34
5771	8.34
5772	8.34
5773	8.34
5774	8.34
5775	8.34
5776	8.34
5777	8.34
5778	8.34
5779	8.34
5780	8.34
5781	8.34
5782	8.34
5783	8.34
5784	8.34
5785	8.34
5786	8.34
5787	8.34
5788	8.34
5789	8.34
5790	8.34
5791	8.34
5792	8.34
5793	8.34
5794	8.34
5795	8.34
5796	8.34
5797	8.34
5798	8.34
5799	8.34
5800	8.34
5801	8.34
5802	8.34
5803	8.34
5804	8.34
5805	8.34
5806	8.34
5807	8.34
5808	8.34
5809	8.34
5810	8.34
5811	8.34
5812	8.34
5813	8.34
5814	8.34
5815	8.34
5816	8.34
5817	8.34
5818	8.34
5819	8.34
5820	8.34
5821	8.34
5822	8.34
5823	8.34
5824	8.34
5825	8.34
5826	8.34
5827	8.34
5828	8.34
5829	8.34
5830	8.34
5831	8.34
5832	8.34
5833	8.34
5834	8.34
5835	8.34
5836	8.34
5837	8.34
5838	8.34
5839	8.34
5840	8.34
5841	8.34
5842	8.34
5843	8.34
5844	8.34
5845	8.34
5846	8.34
5847	8.34
5848	8.34
5849	8.34
5850	8.34
5851	8.34
5852	8.34
5853	8.34
5854	8.34
5855	8.34
5856	8.34
5857	8.34
5858	8.34
5859	8.34
5860	8.34
5861	8.34
5862	8.34
5863	8.34
5864	8.34
5865	8.34
5866	8.34
5867	8.34
5868	8.34
5869	8.34
5870	8.34
5871	8.34
5872	8.34
5873	8.34
5874	8.34
5875	8.34
5876	8.34
5877	8.34
5878	8.34
5879	8.34
5880	8.34
5881	8.34
5882	8.34
5883	8.34
5884	8.34
5885	8.34
5886	8.34
5887	8.34
5888	8.34
5889	8.34
5890	8.34
5891	8.34
5892	8.34
5893	8.34
5894	8.34
5895	8.34
5896	8.34
5897	8.34
5898	8.34
5899	8.34
5900	8.34
5901	8.34
5902	8.34
5903	8.34
5904	8.34
5905	8.34
5906	8.34
5907	8.34
5908	8.34
5909	8.34
5910	8.34
5911	8.34
5912	8.34
5913	8.34
5914	8.34
5915	8.34
5916	8.34
5917	8.34
5918	8.34
5919	8.34
5920	8.34
5921	8.34
5922	8.34
5923	8.34
5924	8.34
5925	8.34
5926	8.34
5927	8.34
5928	8.34
5929	8.34
5930	8.34
5931	8.34
5932	8.34
5933	8.34
5934	8.34
5935	8.34
5936	8.34
5937	8.34
5938	8.34
5939	8.34
5940	8.34
5941	8.34
5942	8.34
5943	8.34
5944	8.34
5945	8.34
5946	8.34
5947	8.34
5948	8.34
5949	8.34
5950	8.34
5951	8.34
5952	8.34
5953	8.34
5954	8.34
5955	8.34
5956	8.34
5957	8.34
5958	8.34
5959	8.34
5960	8.34
5961	8.34
5962	8.34
5963	8.34
5964	8.34
5965	8.34
5966	8.34
5967	8.34
5968	8.34
5969	8.34
5970	8.34
5971	8.34
5972	8.34
5973	8.34
5974	8.34
5975	8.34
5976	8.34
5977	8.34
5978	8.34
5979	8.34
5980	8.34
5981	8.34
5982	8.34
5983	8.34
5984	8.34
5985	8.34
5986	8.34
5987	8.34
5988	8.34
5989	8.34
5990	8.34
5991	8.34
5992	8.34
5993	8.34
5994	8.34
5995	8.34
5996	8.34
5997	8.34
5998	8.34
5999	8.34
6000	8.34
6001	8.34
6002	8.34
6003	8.34
6004	8.34
6005	8.34
6006	8.34
6007	8.34
6008	8.34
6009	8.34
6010	8.34
6011	8.34
6012	8.34
6013	8.34
6014	8.34
6015	8.34
6016	8.34
6017	8.34
6018	8.34
6019	8.34
6020	8.34
6021	8.34
6022	8.34
6023	8.34
6024	8.34
6025	8.34
6026	8.34
6027	8.34
6028	8.34
6029	8.34
6030	8.34
6031	8.34
6032	8.34
6033	8.34
6034	8.34
6035	8.34
6036	8.34
6037	8.34
6038	8.34
6039	8.34
6040	8.34
6041	8.34
6042	8.34
6043	8.34
6044	8.34
6045	8.34
6046	8.34
6047	8.34
6048	8.34
6049	8.34
6050	8.34
6051	8.34
6052	8.34
6053	8.34
6054	8.34
6055	8.34
6056	8.34
6057	8.34
6058	8.34
6059	8.34
6060	8.34
6061	8.34
6062	8.34
6063	8.34
6064	8.34
6065	8.34
6066	8.34
6067	8.34
6068	8.34
6069	8.34
6070	8.34
6071	8.34
6072	8.34
6073	8.34
6074	8.34
6075	8.34
6076	8.34
6077	8.34
6078	8.34
6079	8.34
6080	8.34
6081	8.34
6082	8.34
6083	8.34
6084	8.34
6085	8.34
6086	8.34
6087	8.34
6088	8.34
6089	8.34
6090	8.34
6091	8.34
6092	8.34
6093	8.34
6094	8.34
6095	8.34
6096	8.34
6097	8.34
6098	8.34
6099	8.34
6100	8.34
6101	8.34
6102	8.34
6103	8.34
6104	8.34
6105	8.34
6106	8.34
6107	8.34
6108	8.34
6109	8.34
6110	8.34
6111	8.34
6112	8.34
6113	8.34
6114	8.34
6115	8.34
6116	8.34
6117	8.34
6118	8.34
6119	8.34
6120	8.34
6121	8.34
6122	8.34
6123	8.34
6124	8.34
6125	8.34
6126	8.34
6127	8.34
6128	8.34
6129	8.34
6130	8.34
6131	8.34
6132	8.34
6133	8.34
6134	8.34
6135	8.34
6136	8.34
6137	8.34
6138	8.34
6139	8.34
6140	8.34
6141	8.34
6142	8.34
6143	8.34
6144	8.34
6145	8.34
6146	8.34
6147	8.34
6148	8.34
6149	8.34
6150	8.34
6151	8.34
6152	8.34
6153	8.34
6154	8.34
6155	8.34
6156	8.34
6157	8.34
6158	8.34
6159	8.34
6160	8.34
6161	8.34
6162	8.34
6163	8.34
6164	8.34
6165	8.34
6166	8.34
6167	8.34
6168	8.34
6169	8.34
6170	8.34
6171	8.34
6172	8.34
6173	8.34
6174	8.34
6175	8.34
6176	8.34
6177	8.34
6178	8.34
6179	8.34
6180	8.34
6181	8.34
6182	8.34
6183	8.34
6184	8.34
6185	8.34
6186	8.34
6187	8.34
6188	8.34
6189	8.34
6190	8.34
6191	8.34
6192	8.34
6193	8.34
6194	8.34
6195	8.34
6196	8.34
6197	8.34
6198	8.34
6199	8.34
6200	8.34
6201	8.34
6202	8.34
6203	8.34
6204	8.34
6205	8.34
6206	8.34
6207	8.34
6208	8.34
6209	8.34
6210	8.34
6211	8.34
6212	8.34
6213	8.34
6214	8.34
6215	8.34
6216	8.34
6217	8.34
6218	8.34
6219	8.34
6220	8.34
6221	8.34
6222	8.34
6223	8.34
6224	8.34
6225	8.34
6226	8.34
6227	8.34
6228	8.34
6229	8.34
6230	8.34
6231	8.34
6232	8.34
6233	8.34
6234	8.34
6235	8.34
6236	8.34
6237	8.34
6238	8.34
6239	8.34
6240	8.34
6241	8.34
6242	8.34
6243	8.34
6244	8.34
6245	8.34
6246	8.34
6247	8.34
6248	8.34
6249	8.34
6250	8.34
6251	8.34
6252	8.34
6253	8.34
6254	8.34
6255	8.34
6256	8.34
6257	8.34
6258	8.34
6259	8.34
6260	8.34
6261	8.34
6262	8.34
6263	8.34
6264	8.34
6265	8.34
6266	8.34
6267	8.34
6268	8.34
6269	8.34
6270	8.34
6271	8.34
6272	8.34
6273	8.34
6274	8.34
6275	8.34
6276	8.34
6277	8.34
6278	8.34
6279	8.34
6280	8.34
6281	8.34
6282	8.34
6283	8.34
6284	8.34
6285	8.34
6286	8.34
6287	8.34
6288	8.34
6289	8.34
6290	8.34
6291	8.34
6292	8.34
6293	8.34
6294	8.34
6295	8.34
6296	8.34
6297	8.34
6298	8.34
6299	8.34
6300	8.34
6301	8.34
6302	8.34
6303	8.34
6304	8.34
6305	8.34
6306	8.34
6307	8.34
6308	8.34
6309	8.34
6310	8.34
6311	8.34
6312	8.34
6313	8.34
6314	8.34
6315	8.34
6316	8.34
6317	8.34
6318	8.34
6319	8.34
6320	8.34
6321	8.34
6322	8.34
6323	8.34
6324	8.34
6325	8.34
6326	8.34
6327	8.34
6328	8.34
6329	8.34
6330	8.34
6331	8.34
6332	8.34
6333	8.34
6334	8.34
6335	8.34
6336	8.34
6337	8.34
6338	8.34
6339	8.34
6340	8.34
6341	8.34
6342	8.34
6343	8.34
6344	8.34
6345	8.34
6346	8.34
6347	8.34
6348	8.34
6349	8.34
6350	8.34
6351	8.34
6352	8.34
6353	8.34
6354	8.34
6355	8.34
6356	8.34
6357	8.34
6358	8.34
6359	8.34
6360	8.34
6361	8.34
6362	8.34
6363	8.34
6364	8.34
6365	8.34
6366	8.34
6367	8.34
6368	8.34
6369	8.34
6370	8.34
6371	8.34
6372	8.34
6373	8.34
6374	8.34
6375	8.34
6376	8.34
6377	8.34
6378	8.34
6379	8.34
6380	8.34
6381	8.34
6382	8.34
6383	8.34
6384	8.34
6385	8.34
6386	8.34
6387	8.34
6388	8.34
6389	8.34
6390	8.34
6391	8.34
6392	8.34
6393	8.34
6394	8.34
6395	8.34
6396	8.34
6397	8.34
6398	8.34
6399	8.34
6400	8.34
6401	8.34
6402	8.34
6403	8.34
6404	8.34
6405	8.34
6406	8.34
6407	8.34
6408	8.34
6409	8.34
6410	8.34
6411	8.34
6412	8.34
6413	8.34
6414	8.34
6415	8.34
6416	8.34
6417	8.34
6418	8.34
6419	8.34
6420	8.34
6421	8.34
6422	8.34
6423	8.34
6424	8.34
6425	8.34
6426	8.34
6427	8.34
6428	8.34
6429	8.34
6430	8.34
6431	8.34
6432	8.34
6433	8.34
6434	8.34
6435	8.34
6436	8.34
6437	8.34
6438	8.34
6439	8.34
6440	8.34
6441	8.34
6442	8.34
6443	8.34
6444	8.34
6445	8.34
6446	8.34
6447	8.34
6448	8.34
6449	8.34
6450	8.34
6451	8.34
6452	8.34
6453	8.34
6454	8.34
6455	8.34
6456	8.34
6457	8.34
6458	8.34
6459	8.34
6460	8.34
6461	8.34
6462	8.34
6463	8.34
6464	8.34
6465	8.34
6466	8.34
6467	8.34
6468	8.34
6469	8.34
6470	8.34
6471	8.34
6472	8.34
6473	8.34
6474	8.34
6475	8.34
6476	8.34
6477	8.34
6478	8.34
6479	8.34
6480	8.34
6481	8.34
6482	8.34
6483	8.34
6484	8.34
6485	8.34
6486	8.34
6487	8.34
6488	8.34
6489	8.34
6490	8.34
6491	8.34
6492	8.34
6493	8.34
6494	8.34
6495	8.34
6496	8.34
6497	8.34
6498	8.34
6499	8.34
6500	8.34
6501	8.34
6502	8.34
6503	8.34
6504	8.34
6505	8.34
6506	8.34
6507	8.34
6508	8.34
6509	8.34
6510	8.34
6511	8.34
6512	8.34
6513	8.34
6514	8.34
6515	8.34
6516	8.34
6517	8.34
6518	8.34
6519	8.34
6520	8.34
6521	8.34
6522	8.34
6523	8.34
6524	8.34
6525	8.34
6526	8.34
6527	8.34
6528	8.34
6529	8.34
6530	8.34
6531	8.34
6532	8.34
6533	8.34
6534	8.34
6535	8.34
6536	8.34
6537	8.34
6538	8.34
6539	8.34
6540	8.34
6541	8.34
6542	8.34
6543	8.34
6544	8.34
6545	8.34
6546	8.34
6547	8.34
6548	8.34
6549	8.34
6550	8.34
6551	8.34
6552	8.34
6553	8.34
6554	8.34
6555	8.34
6556	8.34
6557	8.34
6558	8.34
6559	8.34
6560	8.34
6561	8.34
6562	8.34
6563	8.34
6564	8.34
6565	8.34
6566	8.34
6567	8.34
6568	8.34
6569	8.34
6570	8.34
6571	8.34
6572	8.34
6573	8.34
6574	8.34
6575	8.34
6576	8.34
6577	8.34
6578	8.34
6579	8.34
6580	8.34
6581	8.34
6582	8.34
6583	8.34
6584	8.34
6585	8.34
6586	8.34
6587	8.34
6588	8.34
6589	8.34
6590	8.34
6591	8.34
6592	8.34
6593	8.34
6594	8.34
6595	8.34
6596	8.34
6597	8.34
6598	8.34
6599	8.34
6600	8.34
6601	8.34
6602	8.34
6603	8.34
6604	8.34
6605	8.34
6606	8.34
6607	8.34
6608	8.34
6609	8.34
6610	8.34
6611	8.34
6612	8.34
6613	8.34
6614	8.34
6615	8.34
6616	8.34
6617	8.34
6618	8.34
6619	8.34
6620	8.34
6621	8.34
6622	8.34
6623	8.34
6624	8.34
6625	8.34
6626	8.34
6627	8.34
6628	8.34
6629	8.34
6630	8.34
6631	8.34
6632	8.34
6633	8.34
6634	8.34
6635	8.34
6636	8.34
6637	8.34
6638	8.34
6639	8.34
6640	8.34
6641	8.34
6642	8.34
6643	8.34
6644	8.34
6645	8.34
6646	8.34
6647	8.34
6648	8.34
6649	8.34
6650	8.34
6651	8.34
6652	8.34
6653	8.34
6654	8.34
6655	8.34
6656	8.34
6657	8.34
6658	8.34
6659	8.34
6660	8.34
6661	8.34
6662	8.34
6663	8.34
6664	8.34
6665	8.34
6666	8.34
6667	8.34
6668	8.34
6669	8.34
6670	8.34
6671	8.34
6672	8.34
6673	8.34
6674	8.34
6675	8.34
6676	8.34
6677	8.34
6678	8.34
6679	8.34
6680	8.34
6681	8.34
6682	8.34
6683	8.34
6684	8.34
6685	8.34
6686	8.34
6687	8.34
6688	8.34
6689	8.34
6690	8.34
6691	8.34
6692	8.34
6693	8.34
6694	8.34
6695	8.34
6696	8.34
6697	8.34
6698	8.34
6699	8.34
6700	8.34
6701	8.34
6702	8.34
6703	8.34
6704	8.34
6705	8.34
6706	8.34
6707	8.34
6708	8.34
6709	8.34
6710	8.34
6711	8.34
6712	8.34
6713	8.34
6714	8.34
6715	8.34
6716	8.34
6717	8.34
6718	8.34
6719	8.34
6720	8.34
6721	8.34
6722	8.34
6723	8.34
6724	8.34
6725	8.34
6726	8.34
6727	8.34
6728	8.34
6729	8.34
6730	8.34
6731	8.34
6732	8.34
6733	8.34
6734	8.34
6735	8.34
6736	8.34
6737	8.34
6738	8.34
6739	8.34
6740	8.34
6741	8.34
6742	8.34
6743	8.34
6744	8.34
6745	8.34
6746	8.34
6747	8.34
6748	8.34
6749	8.34
6750	8.34
6751	8.34
6752	8.34
6753	8.34
6754	8.34
6755	8.34
6756	8.34
6757	8.34
6758	8.34
6759	8.34
6760	8.34
6761	8.34
6762	8.34
6763	8.34
6764	8.34
6765	8.34
6766	8.34
6767	8.34
6768	8.34
6769	8.34
6770	8.34
6771	8.34
6772	8.34
6773	8.34
6774	8.34
6775	8.34
6776	8.34
6777	8.34
6778	8.34
6779	8.34
6780	8.34
6781	8.34
6782	8.34
6783	8.34
6784	8.34
6785	8.34
6786	8.34
6787	8.34
6788	8.34
6789	8.34
6790	8.34
6791	8.34
6792	8.34
6793	8.34
6794	8.34
6795	8.34
6796	8.34
6797	8.34
6798	8.34
6799	8.34
6800	8.34
6801	8.34
6802	8.34
6803	8.34
6804	8.34
6805	8.34
6806	8.34
6807	8.34
6808	8.34
6809	8.34
6810	8.34
6811	8.34
6812	8.34
6813	8.34
6814	8.34
6815	8.34
6816	8.34
6817	8.34
6818	8.34
6819	8.34
6820	8.34
6821	8.34
6822	8.34
6823	8.34
6824	8.34
6825	8.34
6826	8.34
6827	8.34
6828	8.34
6829	8.34
6830	8.34
6831	8.34
6832	8.34
6833	8.34
6834	8.34
6835	8.34
6836	8.34
6837	8.34
6838	8.34
6839	8.34
6840	8.34
6841	8.34
6842	8.34
6843	8.34
6844	8.34
6845	8.34
6846	8.34
6847	8.34
6848	8.34
6849	8.34
6850	8.34
6851	8.34
6852	8.34
6853	8.34
6854	8.34
6855	8.34
6856	8.34
6857	8.34
6858	8.34
6859	8.34
6860	8.34
6861	8.34
6862	8.34
6863	8.34
6864	8.34
6865	8.34
6866	8.34
6867	8.34
6868	8.34
6869	8.34
6870	8.34
6871	8.34
6872	8.34
6873	8.34
6874	8.34
6875	8.34
6876	8.34
6877	8.34
6878	8.34
6879	8.34
6880	8.34
6881	8.34
6882	8.34
6883	8.34
6884	8.34
6885	8.34
6886	8.34
6887	8.34
6888	8.34
6889	8.34
6890	8.34
6891	8.34
6892	8.34
6893	8.34
6894	8.34
6895	8.34
6896	8.34
6897	8.34
6898	8.34
6899	8.34
6900	8.34
6901	8.34
6902	8.34
6903	8.34
6904	8.34
6905	8.34
6906	8.34
6907	8.34
6908	8.34
6909	8.34
6910	8.34
6911	8.34
6912	8.34
6913	8.34
6914	8.34
6915	8.34
6916	8.34
6917	8.34
6918	8.34
6919	8.34
6920	8.34
6921	8.34
6922	8.34
6923	8.34
6924	8.34
6925	8.34
6926	8.34
6927	8.34
6928	8.34
6929	8.34
6930	8.34
6931	8.34
6932	8.34
6933	8.34
6934	8.34
6935	8.34
6936	8.34
6937	8.34
6938	8.34
6939	8.34
6940	8.34
6941	8.34
6942	8.34
6943	8.34
6944	8.34
6945	8.34
6946	8.34
6947	8.34
6948	8.34
6949	8.34
6950	8.34
6951	8.34
6952	8.34
6953	8.34
6954	8.34
6955	8.34
6956	8.34
6957	8.34
6958	8.34
6959	8.34
6960	8.34
6961	8.34
6962	8.34
6963	8.34
6964	8.34
6965	8.34
6966	8.34
6967	8.34
6968	8.34
6969	8.34
6970	8.34
6971	8.34
6972	8.34
6973	8.34
6974	8.34
6975	8.34
6976	8.34
6977	8.34
6978	8.34
6979	8.34
6980	8.34
6981	8.34
6982	8.34
6983	8.34
6984	8.34
6985	8.34
6986	8.34
6987	8.34
6988	8.34
6989	8.34
6990	8.34
6991	8.34
6992	8.34
6993	8.34
6994	8.34
6995	8.34
6996	8.34
6997	8.34
6998	8.34
6999	8.34
7000	8.34
7001	8.34
7002	8.34
7003	8.34
7004	8.34
7005	8.34
7006	8.34
7007	8.34
7008	8.34
7009	8.34
7010	8.34
7011	8.34
7012	8.34
7013	8.34
7014	8.34
7015	8.34
7016	8.34
7017	8.34
7018	8.34
7019	8.34
7020	8.34
7021	8.34
7022	8.34
7023	8.34
7024	8.34
7025	8.34
7026	8.34
7027	8.34
7028	8.34
7029	8.34
7030	8.34
7031	8.34
7032	8.34
7033	8.34
7034	8.34
7035	8.34
7036	8.34
7037	8.34
7038	8.34
7039	8.34
7040	8.34
7041	8.34
7042	8.34
7043	8.34
7044	8.34
7045	8.34
7046	8.34
7047	8.34
7048	8.34
7049	8.34
7050	8.34
7051	8.34
7052	8.34
7053	8.34
7054	8.34
7055	8.34
7056	8.34
7057	8.34
7058	8.34
7059	8.34
7060	8.34
7061	8.34
7062	8.34
7063	8.34
7064	8.34
7065	8.34
7066	8.34
7067	8.34
7068	8.34
7069	8.34
7070	8.34
7071	8.34
7072	8.34
7073	8.34
7074	8.34
7075	8.34
7076	8.34
7077	8.34
7078	8.34
7079	8.34
7080	8.34
7081	8.34
7082	8.34
7083	8.34
7084	8.34
7085	8.34
7086	8.34
7087	8.34
7088	8.34
7089	8.34
7090	8.34
7091	8.34
7092	8.34
7093	8.34
7094	8.34
7095	8.34
7096	8.34
7097	8.34
7098	8.34
7099	8.34
7100	8.34
7101	8.34
7102	8.34
7103	8.34
7104	8.34
7105	8.34
7106	8.34
7107	8.34
7108	8.34
7109	8.34
7110	8.34
7111	8.34
7112	8.34
7113	8.34
7114	8.34
7115	8.34
7116	8.34
7117	8.34
7118	8.34
7119	8.34
7120	8.34
7121	8.34
7122	8.34
7123	8.34
7124	8.34
7125	8.34
7126	8.34
7127	8.34
7128	8.34
7129	8.34
7130	8.34
7131	8.34
7132	8.34
7133	8.34
7134	8.34
7135	8.34
7136	8.34
7137	8.34
7138	8.34
7139	8.34
7140	8.34
7141	8.34
7142	8.34
7143	8.34
7144	8.34
7145	8.34
7146	8.34
7147	8.34
7148	8.34
7149	8.34
7150	8.34
7151	8.34
7152	8.34
7153	8.34
7154	8.34
7155	8.34
7156	8.34
7157	8.34
7158	8.34
7159	8.34
7160	8.34
7161	8.34
7162	8.34
7163	8.34
7164	8.34
7165	8.34
7166	8.34
7167	8.34
7168	8.34
7169	8.34
7170	8.34
7171	8.34
7172	8.34
7173	8.34
7174	8.34
7175	8.34
7176	8.34
7177	8.34
7178	8.34
7179	8.34
7180	8.34
7181	8.34
7182	8.34
7183	8.34
7184	8.34
7185	8.34
7186	8.34
7187	8.34
7188	8.34
7189	8.34
7190	8.34
7191	8.34
7192	8.34
7193	8.34
7194	8.34
7195	8.34
7196	8.34
7197	8.34
7198	8.34
7199	8.34
7200	8.34
7201	8.34
7202	8.34
7203	8.34
7204	8.34
7205	8.34
7206	8.34
7207	8.34
7208	8.34
7209	8.34
7210	8.34
7211	8.34
7212	8.34
7213	8.34
7214	8.34
7215	8.34
7216	8.34
7217	8.34
7218	8.34
7219	8.34
7220	8.34
7221	8.34
7222	8.34
7223	8.34
7224	8.34
7225	8.34
7226	8.34
7227	8.34
7228	8.34
7229	8.34
7230	8.34
7231	8.34
7232	8.34
7233	8.34
7234	8.34
7235	8.34
7236	8.34
7237	8.34
7238	8.34
7239	8.34
7240	8.34
7241	8.34
7242	8.34
7243	8.34
7244	8.34
7245	8.34
7246	8.34
7247	8.34
7248	8.34
7249	8.34
7250	8.34
7251	8.34
7252	8.34
7253	8.34
7254	8.34
7255	8.34
7256	8.34
7257	8.34
7258	8.34
7259	8.34
7260	8.34
7261	8.34
7262	8.34
7263	8.34
7264	8.34
7265	8.34
7266	8.34
7267	8.34
7268	8.34
7269	8.34
7270	8.34
7271	8.34
7272	8.34
7273	8.34
7274	8.34
7275	8.34
7276	8.34
7277	8.34
7278	8.34
7279	8.34
7280	8.34
7281	8.34
7282	8.34
7283	8.34
7284	8.34
7285	8.34
7286	8.34
7287	8.34
7288	8.34
7289	8.34
7290	8.34
7291	8.34
7292	8.34
7293	8.34
7294	8.34
7295	8.34
7296	8.34
7297	8.34
7298	8.34
7299	8.34
7300	8.34
7301	8.34
7302	8.34
7303	8.34
7304	8.34
7305	8.34
7306	8.34
7307	8.34
7308	8.34
7309	8.34
7310	8.34
7311	8.34
7312	8.34
7313	8.34
7314	8.34
7315	8.34
7316	8.34
7317	8.34
7318	8.34
7319	8.34
7320	8.34
7321	8.34
7322	8.34
7323	8.34
7324	8.34
7325	8.34
7326	8.34
7327	8.34
7328	8.34
7329	8.34
7330	8.34
7331	8.34
7332	8.34
7333	8.34
7334	8.34
7335	8.34
7336	8.34
7337	8.34
7338	8.34
7339	8.34
7340	8.34
7341	8.34
7342	8.34
7343	8.34
7344	8.34
7345	8.34
7346	8.34
7347	8.34
7348	8.34
7349	8.34
7350	8.34
7351	8.34
7352	8.34
7353	8.34
7354	8.34
7355	8.34
7356	8.34
7357	8.34
7358	8.34
7359	8.34
7360	8.34
7361	8.34
7362	8.34
7363	8.34
7364	8.34
7365	8.34
7366	8.34
7367	8.34
7368	8.34
7369	8.34
7370	8.34
7371	8.34
7372	8.34
7373	8.34
7374	8.34
7375	8.34
7376	8.34
7377	8.34
7378	8.34
7379	8.34
7380	8.34
7381	8.34
7382	8.34
7383	8.34
7384	8.34
7385	8.34
7386	8.34
7387	8.34
7388	8.34
7389	8.34
7390	8.34
7391	8.34
7392	8.34
7393	8.34
7394	8.34
7395	8.34
7396	8.34
7397	8.34
7398	8.34
7399	8.34
7400	8.34
7401	8.34
7402	8.34
7403	8.34
7404	8.34
7405	8.34
7406	8.34
7407	8.34
7408	8.34
7409	8.34
7410	8.34
7411	8.34
7412	8.34
7413	8.34
7414	8.34
7415	8.34
7416	8.34
7417	8.34
7418	8.34
7419	8.34
7420	8.34
7421	8.34
7422	8.34
7423	8.34
7424	8.34
7425	8.34
7426	8.34
7427	8.34
7428	8.34
7429	8.34
7430	8.34
7431	8.34
7432	8.34
7433	8.34
7434	8.34
7435	8.34
7436	8.34
7437	8.34
7438	8.34
7439	8.34
7440	8.34
7441	8.34
7442	8.34
7443	8.34
7444	8.34
7445	8.34
7446	8.34
7447	8.34
7448	8.34
7449	8.34
7450	8.34
7451	8.34
7452	8.34
7453	8.34
7454	8.34
7455	8.34
7456	8.34
7457	8.34
7458	8.34
7459	8.34
7460	8.34
7461	8.34
7462	8.34
7463	8.34
7464	8.34
7465	8.34
7466	8.34
7467	8.34
7468	8.34
7469	8.34
7470	8.34
7471	8.34
7472	8.34
7473	8.34
7474	8.34
7475	8.34
7476	8.34
7477	8.34
7478	8.34
7479	8.34
7480	8.34
7481	8.34
7482	8.34
7483	8.34
7484	8.34
7485	8.34
7486	8.34
7487	8.34
7488	8.34
7489	8.34
7490	8.34
7491	8.34
7492	8.34
7493	8.34
7494	8.34
7495	8.34
7496	8.34
7497	8.34
7498	8.34
7499	8.34
7500	8.34
7501	8.34
7502	8.34
7503	8.34
7504	8.34
7505	8.34
7506	8.34
7507	8.34
7508	8.34
7509	8.34
7510	8.34
7511	8.34
7512	8.34
7513	8.34
7514	8.34
7515	8.34
7516	8.34
7517	8.34
7518	8.34
7519	8.34
7520	8.34
7521	8.34
7522	8.34
7523	8.34
7524	8.34
7525	8.34
7526	8.34
7527	8.34
7528	8.34
7529	8.34
7530	8.34
7531	8.34
7532	8.34
7533	8.34
7534	8.34
7535	8.34
7536	8.34
7537	8.34
7538	8.34
7539	8.34
7540	8.34
7541	8.34
7542	8.34
7543	8.34
7544	8.34
7545	8.34
7546	8.34
7547	8.34
7548	8.34
7549	8.34
7550	8.34
7551	8.34
7552	8.34
7553	8.34
7554	8.34
7555	8.34
7556	8.34
7557	8.34
7558	8.34
7559	8.34
7560	8.34
7561	8.34
7562	8.34
7563	8.34
7564	8.34
7565	8.34
7566	8.34
7567	8.34
7568	8.34
7569	8.34
7570	8.34
7571	8.34
7572	8.34
7573	8.34
7574	8.34
7575	8.34
7576	8.34
7577	8.34
7578	8.34
7579	8.34
7580	8.34
7581	8.34
7582	8.34
7583	8.34
7584	8.34
7585	8.34
7586	8.34
7587	8.34
7588	8.34
7589	8.34
7590	8.34
7591	8.34
7592	8.34
7593	8.34
7594	8.34
7595	8.34
7596	8.34
7597	8.34
7598	8.34
7599	8.34
7600	8.34
7601	8.34
7602	8.34
7603	8.34
7604	8.34
7605	8.34
7606	8.34
7607	8.34
7608	8.34
7609	8.34
7610	8.34
7611	8.34
7612	8.34
7613	8.34
7614	8.34
7615	8.34
7616	8.34
7617	8.34
7618	8.34
7619	8.34
7620	8.34
7621	8.34
7622	8.34
7623	8.34
7624	8.34
7625	8.34
7626	8.34
7627	8.34
7628	8.34
7629	8.34
7630	8.34
7631	8.34
7632	8.34
7633	8.34
7634	8.34
7635	8.34
7636	8.34
7637	8.34
7638	8.34
7639	8.34
7640	8.34
7641	8.34
7642	8.34
7643	8.34
7644	8.34
7645	8.34
7646	8.34
7647	8.34
7648	8.34
7649	8.34
7650	8.34
7651	8.34
7652	8.34
7653	8.34
7654	8.34
7655	8.34
7656	8.34
7657	8.34
7658	8.34
7659	8.34
7660	8.34
7661	8.34
7662	8.34
7663	8.34
7664	8.34
7665	8.34
7666	8.34
7667	8.34
7668	8.34
7669	8.34
7670	8.34
7671	8.34
7672	8.34
7673	8.34
7674	8.34
7675	8.34
7676	8.34
7677	8.34
7678	8.34
7679	8.34
7680	8.34
7681	8.34
7682	8.34
7683	8.34
7684	8.34
7685	8.34
7686	8.34
7687	8.34
7688	8.34
7689	8.34
7690	8.34
7691	8.34
7692	8.34
7693	8.34
7694	8.34
7695	8.34
7696	8.34
7697	8.34
7698	8.34
7699	8.34
7700	8.34
7701	8.34
7702	8.34
7703	8.34
7704	8.34
7705	8.34
7706	8.34
7707	8.34
7708	8.34
7709	8.34
7710	8.34
7711	8.34
7712	8.34
7713	8.34
7714	8.34
7715	8.34
7716	8.34
7717	8.34
7718	8.34
7719	8.34
7720	8.34
7721	8.34
7722	8.34
7723	8.34
7724	8.34
7725	8.34
7726	8.34
7727	8.34
7728	8.34
7729	8.34
7730	8.34
7731	8.34
7732	8.34
7733	8.34
7734	8.34
7735	8.34
7736	8.34
7737	8.34
7738	8.34
7739	8.34
7740	8.34
7741	8.34
7742	8.34
7743	8.34
7744	8.34
7745	8.34
7746	8.34
7747	8.34
7748	8.34
7749	8.34
7750	8.34
7751	8.34
7752	8.34
7753	8.34
7754	8.34
7755	8.34
7756	8.34
7757	8.34
7758	8.34
7759	8.34
7760	8.34
7761	8.34
7762	8.34
7763	8.34
7764	8.34
7765	8.34
7766	8.34
7767	8.34
7768	8.34
7769	8.34
7770	8.34
7771	8.34
7772	8.34
7773	8.34
7774	8.34
7775	8.34
7776	8.34
7777	8.34
7778	8.34
7779	8.34
7780	8.34
7781	8.34
7782	8.34
7783	8.34
7784	8.34
7785	8.34
7786	8.34
7787	8.34
7788	8.34
7789	8.34
7790	8.34
7791	8.34
7792	8.34
7793	8.34
7794	8.34
7795	8.34
7796	8.34
7797	8.34
7798	8.34
7799	8.34
7800	8.34
7801	8.34
7802	8.34
7803	8.34
7804	8.34
7805	8.34
7806	8.34
7807	8.34
7808	8.34
7809	8.34
7810	8.34
7811	8.34
7812	8.34
7813	8.34
7814	8.34
7815	8.34
7816	8.34
7817	8.34
7818	8.34
7819	8.34
7820	8.34
7821	8.34
7822	8.34
7823	8.34
7824	8.34
7825	8.34
7826	8.34
7827	8.34
7828	8.34
7829	8.34
7830	8.34
7831	8.34
7832	8.34
7833	8.34
7834	8.34
7835	8.34
7836	8.34
7837	8.34
7838	8.34
7839	8.34
7840	8.34
7841	8.34
7842	8.34
7843	8.34
7844	8.34
7845	8.34
7846	8.34
7847	8.34
7848	8.34
7849	8.34
7850	8.34
7851	8.34
7852	8.34
7853	8.34
7854	8.34
7855	8.34
7856	8.34
7857	8.34
7858	8.34
7859	8.34
7860	8.34
7861	8.34
7862	8.34
7863	8.34
7864	8.34
7865	8.34
7866	8.34
7867	8.34
7868	8.34
7869	8.34
7870	8.34
7871	8.34
7872	8.34
7873	8.34
7874	8.34
7875	8.34
7876	8.34
7877	8.34
7878	8.34
7879	8.34
7880	8.34
7881	8.34
7882	8.34
7883	8.34
7884	8.34
7885	8.34
7886	8.34
7887	8.34
7888	8.34
7889	8.34
7890	8.34
7891	8.34
7892	8.34
7893	8.34
7894	8.34
7895	8.34
7896	8.34
7897	8.34
7898	8.34
7899	8.34
7900	8.34
7901	8.34
7902	8.34
7903	8.34
7904	8.34
7905	8.34
7906	8.34
7907	8.34
7908	8.34
7909	8.34
7910	8.34
7911	8.34
7912	8.34
7913	8.34
7914	8.34
7915	8.34
7916	8.34
7917	8.34
7918	8.34
7919	8.34
7920	8.34
7921	8.34
7922	8.34
7923	8.34
7924	8.34
7925	8.34
7926	8.34
7927	8.34
7928	8.34
7929	8.34
7930	8.34
7931	8.34
7932	8.34
7933	8.34
7934	8.34
7935	8.34
7936	8.34
7937	8.34
7938	8.34
7939	8.34
7940	8.34
7941	8.34
7942	8.34
7943	8.34
7944	8.34
7945	8.34
7946	8.34
7947	8.34
7948	8.34
7949	8.34
7950	8.34
7951	8.34
7952	8.34
7953	8.34
7954	8.34
7955	8.34
7956	8.34
7957	8.34
7958	8.34
7959	8.34
7960	8.34
7961	8.34
7962	8.34
7963	8.34
7964	8.34
7965	8.34
7966	8.34
7967	8.34
7968	8.34
7969	8.34
7970	8.34
7971	8.34
7972	8.34
7973	8.34
7974	8.34
7975	8.34
7976	8.34
7977	8.34
7978	8.34
7979	8.34
7980	8.34
7981	8.34
7982	8.34
7983	8.34
7984	8.34
7985	8.34
7986	8.34
7987	8.34
7988	8.34
7989	8.34
7990	8.34
7991	8.34
7992	8.34
7993	8.34
7994	8.34
7995	8.34
7996	8.34
7997	8.34
7998	8.34
7999	8.34
8000	8.34
8001	8.34
8002	8.34
8003	8.34
8004	8.34
8005	8.34
8006	8.34
8007	8.34
8008	8.34
8009	8.34
8010	8.34
8011	8.34
8012	8.34
8013	8.34
8014	8.34
8015	8.34
8016	8.34
8017	8.34
8018	8.34
8019	8.34
8020	8.34
8021	8.34
8022	8.34
8023	8.34
8024	8.34
8025	8.34
8026	8.34
8027	8.34
8028	8.34
8029	8.34
8030	8.34
8031	8.34
8032	8.34
8033	8.34
8034	8.34
8035	8.34
8036	8.34
8037	8.34
8038	8.34
8039	8.34
8040	8.34
8041	8.34
8042	8.34
8043	8.34
8044	8.34
8045	8.34
8046	8.34
8047	8.34
8048	8.34
8049	8.34
8050	8.34
8051	8.34
8052	8.34
8053	8.34
8054	8.34
8055	8.34
8056	8.34
8057	8.34
8058	8.34
8059	8.34
8060	8.34
8061	8.34
8062	8.34
8063	8.34
8064	8.34
8065	8.34
8066	8.34
8067	8.34
8068	8.34
8069	8.34
8070	8.34
8071	8.34
8072	8.34
8073	8.34
8074	8.34
8075	8.34
8076	8.34
8077	8.34
8078	8.34
8079	8.34
8080	8.34
8081	8.34
8082	8.34
8083	8.34
8084	8.34
8085	8.34
8086	8.34
8087	8.34
8088	8.34
8089	8.34
8090	8.34
8091	8.34
8092	8.34
8093	8.34
8094	8.34
8095	8.34
8096	8.34
8097	8.34
8098	8.34
8099	8.34
8100	8.34
8101	8.34
8102	8.34
8103	8.34
8104	8.34
8105	8.34
8106	8.34
8107	8.34
8108	8.34
8109	8.34
8110	8.34
8111	8.34
8112	8.34
8113	8.34
8114	8.34
8115	8.34
8116	8.34
8117	8.34
8118	8.34
8119	8.34
8120	8.34
8121	8.34
8122	8.34
8123	8.34
8124	8.34
8125	8.34
8126	8.34
8127	8.34
8128	8.34
8129	8.34
8130	8.34
8131	8.34
8132	8.34
8133	8.34
8134	8.34
8135	8.34
8136	8.34
8137	8.34
8138	8.34
8139	8.34
8140	8.34
8141	8.34
8142	8.34
8143	8.34
8144	8.34
8145	8.34
8146	8.34
8147	8.34
8148	8.34
8149	8.34
8150	8.34
8151	8.34
8152	8.34
8153	8.34
8154	8.34
8155	8.34
8156	8.34
8157	8.34
8158	8.34
8159	8.34
8160	8.34
8161	8.34
8162	8.34
8163	8.34
8164	8.34
8165	8.34
8166	8.34
8167	8.34
8168	8.34
8169	8.34
8170	8.34
8171	8.34
8172	8.34
8173	8.34
8174	8.34
8175	8.34
8176	8.34
8177	8.34
8178	8.34
8179	8.34
8180	8.34
8181	8.34
8182	8.34
8183	8.34
8184	8.34
8185	8.34
8186	8.34
8187	8.34
8188	8.34
8189	8.34
8190	8.34
8191	8.34
8192	8.34
8193	8.34
8194	8.34
8195	8.34
8196	8.34
8197	8.34
8198	8.34
8199	8.34
8200	8.34
8201	8.34
8202	8.34
8203	8.34
8204	8.34
8205	8.34
8206	8.34
8207	8.34
8208	8.34
8209	8.34
8210	8.34
8211	8.34
8212	8.34
8213	8.34
8214	8.34
8215	8.34
8216	8.34
8217	8.34
8218	8.34
8219	8.34
8220	8.34
8221	8.34
8222	8.34
8223	8.34
8224	8.34
8225	8.34
8226	8.34
8227	8.34
8228	8.34
8229	8.34
8230	8.34
8231	8.34
8232	8.34
8233	8.34
8234	8.34
8235	8.34
8236	8.34
8237	8.34
8238	8.34
8239	8.34
8240	8.34
8241	8.34
8242	8.34
8243	8.34
8244	8.34
8245	8.34
8246	8.34
8247	8.34
8248	8.34
8249	8.34
8250	8.34
8251	8.34
8252	8.34
8253	8.34
8254	8.34
8255	8.34
8256	8.34
8257	8.34
8258	8.34
8259	8.34
8260	8.34
8261	8.34
8262	8.34
8263	8.34
8264	8.34
8265	8.34
8266	8.34
8267	8.34
8268	8.34
8269	8.34
8270	8.34
8271	8.34
8272	8.34
8273	8.34
8274	8.34
8275	8.34
8276	8.34
8277	8.34
8278	8.34
8279	8.34
8280	8.34
8281	8.34
8282	8.34
8283	8.34
8284	8.34
8285	8.34
8286	8.34
8287	8.34
8288	8.34
8289	8.34
8290	8.34
8291	8.34
8292	8.34
8293	8.34
8294	8.34
8295	8.34
8296	8.34
8297	8.34
8298	8.34
8299	8.34
8300	8.34
8301	8.34
8302	8.34
8303	8.34
8304	8.34
8305	8.34
8306	8.34
8307	8.34
8308	8.34
8309	8.34
8310	8.34
8311	8.34
8312	8.34
8313	8.34
8314	8.34
8315	8.34
8316	8.34
8317	8.34
8318	8.34
8319	8.34
8320	8.34
8321	8.34
8322	8.34
8323	8.34
8324	8.34
8325	8.34
8326	8.34
8327	8.34
8328	8.34
8329	8.34
8330	8.34
8331	8.34
8332	8.34
8333	8.34
8334	8.34
8335	8.34
8336	8.34
8337	8.34
8338	8.34
8339	8.34
8340	8.34
8341	8.34
8342	8.34
8343	8.34
8344	8.34
8345	8.34
8346	8.34
8347	8.34
8348	8.34
8349	8.34
8350	8.34
8351	8.34
8352	8.34
8353	8.34
8354	8.34
8355	8.34
8356	8.34
8357	8.34
8358	8.34
8359	8.34
8360	8.34
8361	8.34
8362	8.34
8363	8.34
8364	8.34
8365	8.34
8366	8.34
8367	8.34
8368	8.34
8369	8.34
8370	8.34
8371	8.34
8372	8.34
8373	8.34
8374	8.34
8375	8.34
8376	8.34
8377	8.34
8378	8.34
8379	8.34
8380	8.34
8381	8.34
8382	8.34
8383	8.34
8384	8.34
8385	8.34
8386	8.34
8387	8.34
8388	8.34
8389	8.34
8390	8.34
8391	8.34
8392	8.34
8393	8.34
8394	8.34
8395	8.34
8396	8.34
8397	8.34
8398	8.34
8399	8.34
8400	8.34
8401	8.34
8402	8.34
8403	8.34
8404	8.34
8405	8.34
8406	8.34
8407	8.34
8408	8.34
8409	8.34
8410	8.34
8411	8.34
8412	8.34
8413	8.34
8414	8.34
8415	8.34
8416	8.34
8417	8.34
8418	8.34
8419	8.34
8420	8.34
8421	8.34
8422	8.34
8423	8.34
8424	8.34
8425	8.34
8426	8.34
8427	8.34
8428	8.34
8429	8.34
8430	8.34
8431	8.34
8432	8.34
8433	8.34
8434	8.34
8435	8.34
8436	8.34
8437	8.34
8438	8.34
8439	8.34
8440	8.34
8441	8.34
8442	8.34
8443	8.34
8444	8.34
8445	8.34
8446	8.34
8447	8.34
8448	8.34
8449	8.34
8450	8.34
8451	8.34
8452	8.34
8453	8.34
8454	8.34
8455	8.34
8456	8.34
8457	8.34
8458	8.34
8459	8.34
8460	8.34
8461	8.34
8462	8.34
8463	8.34
8464	8.34
8465	8.34
8466	8.34
8467	8.34
8468	8.34
8469	8.34
8470	8.34
8471	8.34
8472	8.34
8473	8.34
8474	8.34
8475	8.34
8476	8.34
8477	8.34
8478	8.34
8479	8.34
8480	8.34
8481	8.34
8482	8.34
8483	8.34
8484	8.34
8485	8.34
8486	8.34
8487	8.34
8488	8.34
8489	8.34
8490	8.34
8491	8.34
8492	8.34
8493	8.34
8494	8.34
8495	8.34
8496	8.34
8497	8.34
8498	8.34
8499	8.34
8500	8.34
8501	8.34
8502	8.34
8503	8.34
8504	8.34
8505	8.34
8506	8.34
8507	8.34
8508	8.34
8509	8.34
8510	8.34
8511	8.34
8512	8.34
8513	8.34
8514	8.34
8515	8.34
8516	8.34
8517	8.34
8518	8.34
8519	8.34
8520	8.34
8521	8.34
8522	8.34
8523	8.34
8524	8.34
8525	8.34
8526	8.34
8527	8.34
8528	8.34
8529	8.34
8530	8.34
8531	8.34
8532	8.34
8533	8.34
8534	8.34
8535	8.34
8536	8.34
8537	8.34
8538	8.34
8539	8.34
8540	8.34
8541	8.34
8542	8.34
8543	8.34
8544	8.34
8545	8.34
8546	8.34
8547	8.34
8548	8.34
8549	8.34
8550	8.34
8551	8.34
8552	8.34
8553	8.34
8554	8.34
8555	8.34
8556	8.34
8557	8.34
8558	8.34
8559	8.34
8560	8.34
8561	8.34
8562	8.34
8563	8.34
8564	8.34
8565	8.34
8566	8.34
8567	8.34
8568	8.34
8569	8.34
8570	8.34
8571	8.34
8572	8.34
8573	8.34
8574	8.34
8575	8.34
8576	8.34
8577	8.34
8578	8.34
8579	8.34
8580	8.34
8581	8.34
8582	8.34
8583	8.34
8584	8.34
8585	8.34
8586	8.34
8587	8.34
8588	8.34
8589	8.34
8590	8.34
8591	8.34
8592	8.34
8593	8.34
8594	8.34
8595	8.34
8596	8.34
8597	8.34
8598	8.34
8599	8.34
8600	8.34
8601	8.34
8602	8.34
8603	8.34
8604	8.34
8605	8.34
8606	8.34
8607	8.34
8608	8.34
8609	8.34
8610	8.34
8611	8.34
8612	8.34
8613	8.34
8614	8.34
8615	8.34
8616	8.34
8617	8.34
8618	8.34
8619	8.34
8620	8.34
8621	8.34
8622	8.34
8623	8.34
8624	8.34
8625	8.34
8626	8.34
8627	8.34
8628	8.34
8629	8.34
8630	8.34
8631	8.34
8632	8.34
8633	8.34
8634	8.34
8635	8.34
8636	8.34
8637	8.34
8638	8.34
8639	8.34
8640	8.34
8641	8.34
8642	8.34
8643	8.34
8644	8.34
8645	8.34
8646	8.34
8647	8.34
8648	8.34
8649	8.34
8650	8.34
8651	8.34
8652	8.34
8653	8.34
8654	8.34
8655	8.34
8656	8.34
8657	8.34
8658	8.34
8659	8.34
8660	8.34
8661	8.34
8662	8.34
8663	8.34
8664	8.34
8665	8.34
8666	8.34
8667	8.34
8668	8.34
8669	8.34
8670	8.34
8671	8.34
8672	8.34
8673	8.34
8674	8.34
8675	8.34
8676	8.34
8677	8.34
8678	8.34
8679	8.34
8680	8.34
8681	8.34
8682	8.34
8683	8.34
8684	8.34
8685	8.34
8686	8.34
8687	8.34
8688	8.34
8689	8.34
8690	8.34
8691	8.34
8692	8.34
8693	8.34
8694	8.34
8695	8.34
8696	8.34
8697	8.34
8698	8.34
8699	8.34
8700	8.34
8701	8.34
8702	8.34
8703	8.34
8704	8.34
8705	8.34
8706	8.34
8707	8.34
8708	8.34
8709	8.34
8710	8.34
8711	8.34
8712	8.34
8713	8.34
8714	8.34
8715	8.34
8716	8.34
8717	8.34
8718	8.34
8719	8.34
8720	8.34
8721	8.34
8722	8.34
8723	8.34
8724	8.34
8725	8.34
8726	8.34
8727	8.34
8728	8.34
8729	8.34
8730	8.34
8731	8.34
8732	8.34
8733	8.34
8734	8.34
8735	8.34
8736	8.34
8737	8.34
8738	8.34
8739	8.34
8740	8.34
8741	8.34
8742	8.34
8743	8.34
8744	8.34
8745	8.34
8746	8.34
8747	8.34
8748	8.34
8749	8.34
8750	8.34
8751	8.34
8752	8.34
8753	8.34
8754	8.34
8755	8.34
8756	8.34
8757	8.34
8758	8.34
8759	8.34
8760	8.34
8761	8.34
8762	8.34
8763	8.34
8764	8.34
8765	8.34
8766	8.34
8767	8.34
8768	8.34
8769	8.34
8770	8.34
8771	8.34
8772	8.34
8773	8.34
8774	8.34
8775	8.34
8776	8.34
8777	8.34
8778	8.34
8779	8.34
8780	8.34
8781	8.34
8782	8.34
8783	8.34
8784	8.34
8785	8.34
8786	8.34
8787	8.34
8788	8.34
8789	8.34
8790	8.34
8791	8.34
8792	8.34
8793	8.34
8794	8.34
8795	8.34
8796	8.34
8797	8.34
8798	8.34
8799	8.34
8800	8.34
8801	8.34
8802	8.34
8803	8.34
8804	8.34
8805	8.34
8806	8.34
8807	8.34
8808	8.34
8809	8.34
8810	8.34
8811	8.34
8812	8.34
8813	8.34
8814	8.34
8815	8.34
8816	8.34
8817	8.34
8818	8.34
8819	8.34
8820	8.34
8821	8.34
8822	8.34
8823	8.34
8824	8.34
8825	8.34
8826	8.34
8827	8.34
8828	8.34
8829	8.34
8830	8.34
8831	8.34
8832	8.34
8833	8.34
8834	8.34
8835	8.34
8836	8.34
8837	8.34
8838	8.34
8839	8.34
8840	8.34
8841	8.34
8842	8.34
8843	8.34
8844	8.34
8845	8.34
8846	8.34
8847	8.34
8848	8.34
8849	8.34
8850	8.34
8851	8.34
8852	8.34
8853	8.34
8854	8.34
8855	8.34
8856	8.34
8857	8.34
8858	8.34
8859	8.34
8860	8.34
8861	8.34
8862	8.34
8863	8.34
8864	8.34
8865	8.34
8866	8.34
8867	8.34
8868	8.34
8869	8.34
8870	8.34
8871	8.34
8872	8.34
8873	8.34
8874	8.34
8875	8.34
8876	8.34
8877	8.34
8878	8.34
8879	8.34
8880	8.34
8881	8.34
8882	8.34
8883	8.34
8884	8.34
8885	8.34
8886	8.34
8887	8.34
8888	8.34
8889	8.34
8890	8.34
8891	8.34
8892	8.34
8893	8.34
8894	8.34
8895	8.34
8896	8.34
8897	8.34
8898	8.34
8899	8.34
8900	8.34
8901	8.34
8902	8.34
8903	8.34
8904	8.34
8905	8.34
8906	8.34
8907	8.34
8908	8.34
8909	8.34
8910	8.34
8911	8.34
8912	8.34
8913	8.34
8914	8.34
8915	8.34
8916	8.34
8917	8.34
8918	8.34
8919	8.34
8920	8.34
8921	8.34
8922	8.34
8923	8.34
8924	8.34
8925	8.34
8926	8.34
8927	8.34
8928	8.34
8929	8.34
8930	8.34
8931	8.34
8932	8.34
8933	8.34
8934	8.34
8935	8.34
8936	8.34
8937	8.34
8938	8.34
8939	8.34
8940	8.34
8941	8.34
8942	8.34
8943	8.34
8944	8.34
8945	8.34
8946	8.34
8947	8.34
8948	8.34
8949	8.34
8950	8.34
8951	8.34
8952	8.34
8953	8.34
8954	8.34
8955	8.34
8956	8.34
8957	8.34
8958	8.34
8959	8.34
8960	8.34
8961	8.34
8962	8.34
8963	8.34
8964	8.34
8965	8.34
8966	8.34
8967	8.34
8968	8.34
8969	8.34
8970	8.34
8971	8.34
8972	8.34
8973	8.34
8974	8.34
8975	8.34
8976	8.34
8977	8.34
8978	8.34
8979	8.34
8980	8.34
8981	8.34
8982	8.34
8983	8.34
8984	8.34
8985	8.34
8986	8.34
8987	8.34
8988	8.34
8989	8.34
8990	8.34
8991	8.34
8992	8.34
8993	8.34
8994	8.34
8995	8.34
8996	8.34
8997	8.34
8998	8.34
8999	8.34
9000	8.34
9001	8.34
9002	8.34
9003	8.34
9004	8.34
9005	8.34
9006	8.34
9007	8.34
9008	8.34
9009	8.34
9010	8.34
9011	8.34
9012	8.34
9013	8.34
9014	8.34
9015	8.34
9016	8.34
9017	8.34
9018	8.34
9019	8.34
9020	8.34
9021	8.34
9022	8.34
9023	8.34
9024	8.34
9025	8.34
9026	8.34
9027	8.34
9028	8.34
9029	8.34
9030	8.34
9031	8.34
9032	8.34
9033	8.34
9034	8.34
9035	8.34
9036	8.34
9037	8.34
9038	8.34
9039	8.34
9040	8.34
9041	8.34
9042	8.34
9043	8.34
9044	8.34
9045	8.34
9046	8.34
9047	8.34
9048	8.34
9049	8.34
9050	8.34
9051	8.34
9052	8.34
9053	8.34
9054	8.34
9055	8.34
9056	8.34
9057	8.34
9058	8.34
9059	8.34
9060	8.34
9061	8.34
9062	8.34
9063	8.34
9064	8.34
9065	8.34
9066	8.34
9067	8.34
9068	8.34
9069	8.34
9070	8.34
9071	8.34
9072	8.34
9073	8.34
9074	8.34
9075	8.34
9076	8.34
9077	8.34
9078	8.34
9079	8.34
9080	8.34
9081	8.34
9082	8.34
9083	8.34
9084	8.34
9085	8.34
9086	8.34
9087	8.34
9088	8.34
9089	8.34
9090	8.34
9091	8.34
9092	8.34
9093	8.34
9094	8.34
9095	8.34
9096	8.34
9097	8.34
9098	8.34
9099	8.34
9100	8.34
9101	8.34
9102	8.34
9103	8.34
9104	8.34
9105	8.34
9106	8.34
9107	8.34
9108	8.34
9109	8.34
9110	8.34
9111	8.34
9112	8.34
9113	8.34
9114	8.34
9115	8.34
9116	8.34
9117	8.34
9118	8.34
9119	8.34
9120	8.34
9121	8.34
9122	8.34
9123	8.34
9124	8.34
9125	8.34
9126	8.34
9127	8.34
9128	8.34
9129	8.34
9130	8.34
9131	8.34
9132	8.34
9133	8.34
9134	8.34
9135	8.34
9136	8.34
9137	8.34
9138	8.34
9139	8.34
9140	8.34
9141	8.34
9142	8.34
9143	8.34
9144	8.34
9145	8.34
9146	8.34
9147	8.34
9148	8.34
9149	8.34
9150	8.34
9151	8.34
9152	8.34
9153	8.34
9154	8.34
9155	8.34
9156	8.34
9157	8.34
9158	8.34
9159	8.34
9160	8.34
9161	8.34
9162	8.34
9163	8.34
9164	8.34
9165	8.34
9166	8.34
9167	8.34
9168	8.34
9169	8.34
9170	8.34
9171	8.34
9172	8.34
9173	8.34
9174	8.34
9175	8.34
9176	8.34
9177	8.34
9178	8.34
9179	8.34
9180	8.34
9181	8.34
9182	8.34
9183	8.34
9184	8.34
9185	8.34
9186	8.34
9187	8.34
9188	8.34
9189	8.34
9190	8.34
9191	8.34
9192	8.34
9193	8.34
9194	8.34
9195	8.34
9196	8.34
9197	8.34
9198	8.34
9199	8.34
9200	8.34
9201	8.34
9202	8.34
9203	8.34
9204	8.34
9205	8.34
9206	8.34
9207	8.34
9208	8.34
9209	8.34
9210	8.34
9211	8.34
9212	8.34
9213	8.34
9214	8.34
9215	8.34
9216	8.34
9217	8.34
9218	8.34
9219	8.34
9220	8.34
9221	8.34
9222	8.34
9223	8.34
9224	8.34
9225	8.34
9226	8.34
9227	8.34
9228	8.34
9229	8.34
9230	8.34
9231	8.34
9232	8.34
9233	8.34
9234	8.34
9235	8.34
9236	8.34
9237	8.34
9238	8.34
9239	8.34
9240	8.34
9241	8.34
9242	8.34
9243	8.34
9244	8.34
9245	8.34
9246	8.34
9247	8.34
9248	8.34
9249	8.34
9250	8.34
9251	8.34
9252	8.34
9253	8.34
9254	8.34
9255	8.34
9256	8.34
9257	8.34
9258	8.34
9259	8.34
9260	8.34
9261	8.34
9262	8.34
9263	8.34
9264	8.34
9265	8.34
9266	8.34
9267	8.34
9268	8.34
9269	8.34
9270	8.34
9271	8.34
9272	8.34
9273	8.34
9274	8.34
9275	8.34
9276	8.34
9277	8.34
9278	8.34
9279	8.34
9280	8.34
9281	8.34
9282	8.34
9283	8.34
9284	8.34
9285	8.34
9286	8.34
9287	8.34
9288	8.34
9289	8.34
9290	8.34
9291	8.34
9292	8.34
9293	8.34
9294	8.34
9295	8.34
9296	8.34
9297	8.34
9298	8.34
9299	8.34
9300	8.34
9301	8.34
9302	8.34
9303	8.34
9304	8.34
9305	8.34
9306	8.34
9307	8.34
9308	8.34
9309	8.34
9310	8.34
9311	8.34
9312	8.34
9313	8.34
9314	8.34
9315	8.34
9316	8.34
9317	8.34
9318	8.34
9319	8.34
9320	8.34
9321	8.34
9322	8.34
9323	8.34
9324	8.34
9325	8.34
9326	8.34
9327	8.34
9328	8.34
9329	8.34
9330	8.34
9331	8.34
9332	8.34
9333	8.34
9334	8.34
9335	8.34
9336	8.34
9337	8.34
9338	8.34
9339	8.34
9340	8.34
9341	8.34
9342	8.34
9343	8.34
9344	8.34
9345	8.34
9346	8.34
9347	8.34
9348	8.34
9349	8.34
9350	8.34
9351	8.34
9352	8.34
9353	8.34
9354	8.34
9355	8.34
9356	8.34
9357	8.34
9358	8.34
9359	8.34
9360	8.34
9361	8.34
9362	8.34
9363	8.34
9364	8.34
9365	8.34
9366	8.34
9367	8.34
9368	8.34
9369	8.34
9370	8.34
9371	8.34
9372	8.34
9373	8.34
9374	8.34
9375	8.34
9376	8.34
9377	8.34
9378	8.34
9379	8.34
9380	8.34
9381	8.34
9382	8.34
9383	8.34
9384	8.34
9385	8.34
9386	8.34
9387	8.34
9388	8.34
9389	8.34
9390	8.34
9391	8.34
9392	8.34
9393	8.34
9394	8.34
9395	8.34
9396	8.34
9397	8.34
9398	8.34
9399	8.34
9400	8.34
9401	8.34
9402	8.34
9403	8.34
9404	8.34
9405	8.34
9406	8.34
9407	8.34
9408	8.34
9409	8.34
9410	8.34
9411	8.34
9412	8.34
9413	8.34
9414	8.34
9415	8.34
9416	8.34
9417	8.34
9418	8.34
9419	8.34
9420	8.34
9421	8.34
9422	8.34
9423	8.34
9424	8.34
9425	8.34
9426	8.34
9427	8.34
9428	8.34
9429	8.34
9430	8.34
9431	8.34
9432	8.34
9433	8.34
9434	8.34
9435	8.34
9436	8.34
9437	8.34
9438	8.34
9439	8.34
9440	8.34
9441	8.34
9442	8.34
9443	8.34
9444	8.34
9445	8.34
9446	8.34
9447	8.34
9448	8.34
9449	8.34
9450	8.34
9451	8.34
9452	8.34
9453	8.34
9454	8.34
9455	8.34
9456	8.34
9457	8.34
9458	8.34
9459	8.34
9460	8.34
9461	8.34
9462	8.34
9463	8.34
9464	8.34
9465	8.34
9466	8.34
9467	8.34
9468	8.34
9469	8.34
9470	8.34
9471	8.34
9472	8.34
9473	8.34
9474	8.34
9475	8.34
9476	8.34
9477	8.34
9478	8.34
9479	8.34
9480	8.34
9481	8.34
9482	8.34
9483	8.34
9484	8.34
9485	8.34
9486	8.34
9487	8.34
9488	8.34
9489	8.34
9490	8.34
9491	8.34
9492	8.34
9493	8.34
9494	8.34
9495	8.34
9496	8.34
9497	8.34
9498	8.34
9499	8.34
9500	8.34
9501	8.34
9502	8.34
9503	8.34
9504	8.34
9505	8.34
9506	8.34
9507	8.34
9508	8.34
9509	8.34
9510	8.34
9511	8.34
9512	8.34
9513	8.34
9514	8.34
9515	8.34
9516	8.34
9517	8.34
9518	8.34
9519	8.34
9520	8.34
9521	8.34
9522	8.34
9523	8.34
9524	8.34
9525	8.34
9526	8.34
9527	8.34
9528	8.34
9529	8.34
9530	8.34
9531	8.34
9532	8.34
9533	8.34
9534	8.34
9535	8.34
9536	8.34
9537	8.34
9538	8.34
9539	8.34
9540	8.34
9541	8.34
9542	8.34
9543	8.34
9544	8.34
9545	8.34
9546	8.34
9547	8.34
9548	8.34
9549	8.34
9550	8.34
9551	8.34
9552	8.34
9553	8.34
9554	8.34
9555	8.34
9556	8.34
9557	8.34
9558	8.34
9559	8.34
9560	8.34
9561	8.34
9562	8.34
9563	8.34
9564	8.34
9565	8.34
9566	8.34
9567	8.34
9568	8.34
9569	8.34
9570	8.34
9571	8.34
9572	8.34
9573	8.34
9574	8.34
9575	8.34
9576	8.34
9577	8.34
9578	8.34
9579	8.34
9580	8.34
9581	8.34
9582	8.34
9583	8.34
9584	8.34
9585	8.34
9586	8.34
9587	8.34
9588	8.34
9589	8.34
9590	8.34
9591	8.34
9592	8.34
9593	8.34
9594	8.34
9595	8.34
9596	8.34
9597	8.34
9598	8.34
9599	8.34
9600	8.34
9601	8.34
9602	8.34
9603	8.34
9604	8.34
9605	8.34
9606	8.34
9607	8.34
9608	8.34
9609	8.34
9610	8.34
9611	8.34
9612	8.34
9613	8.34
9614	8.34
9615	8.34
9616	8.34
9617	8.34
9618	8.34
9619	8.34
9620	8.34
9621	8.34
9622	8.34
9623	8.34
9624	8.34
9625	8.34
9626	8.34
9627	8.34
9628	8.34
9629	8.34
9630	8.34
9631	8.34
9632	8.34
9633	8.34
9634	8.34
9635	8.34
9636	8.34
9637	8.34
9638	8.34
9639	8.34
9640	8.34
9641	8.34
9642	8.34
9643	8.34
9644	8.34
9645	8.34
9646	8.34
9647	8.34
9648	8.34
9649	8.34
9650	8.34
9651	8.34
9652	8.34
9653	8.34
9654	8.34
9655	8.34
9656	8.34
9657	8.34
9658	8.34
9659	8.34
9660	8.34
9661	8.34
9662	8.34
9663	8.34
9664	8.34
9665	8.34
9666	8.34
9667	8.34
9668	8.34
9669	8.34
9670	8.34
9671	8.34
9672	8.34
9673	8.34
9674	8.34
9675	8.34
9676	8.34
9677	8.34
9678	8.34
9679	8.34
9680	8.34
9681	8.34
9682	8.34
9683	8.34
9684	8.34
9685	8.34
9686	8.34
9687	8.34
9688	8.34
9689	8.34
9690	8.34
9691	8.34
9692	8.34
9693	8.34
9694	8.34
9695	8.34
9696	8.34
9697	8.34
9698	8.34
9699	8.34
9700	8.34
9701	8.34
9702	8.34
9703	8.34
9704	8.34
9705	8.34
9706	8.34
9707	8.34
9708	8.34
9709	8.34
9710	8.34
9711	8.34
9712	8.34
9713	8.34
9714	8.34
9715	8.34
9716	8.34
9717	8.34
9718	8.34
9719	8.34
9720	8.34
9721	8.34
9722	8.34
9723	8.34
9724	8.34
9725	8.34
9726	8.34
9727	8.34
9728	8.34
9729	8.34
9730	8.34
9731	8.34
9732	8.34
9733	8.34
9734	8.34
9735	8.34
9736	8.34
9737	8.34
9738	8.34
9739	8.34
9740	8.34
9741	8.34
9742	8.34
9743	8.34
9744	8.34
9745	8.34
9746	8.34
9747	8.34
9748	8.34
9749	8.34
9750	8.34
9751	8.34
9752	8.34
9753	8.34
9754	8.34
9755	8.34
9756	8.34
9757	8.34
9758	8.34
9759	8.34
9760	8.34
9761	8.34
9762	8.34
9763	8.34
9764	8.34
9765	8.34
9766	8.34
9767	8.34
9768	8.34
9769	8.34
9770	8.34
9771	8.34
9772	8.34
9773	8.34
9774	8.34
9775	8.34
9776	8.34
9777	8.34
9778	8.34
9779	8.34
9780	8.34
9781	8.34
9782	8.34
9783	8.34
9784	8.34
9785	8.34
9786	8.34
9787	8.34
9788	8.34
9789	8.34
9790	8.34
9791	8.34
9792	8.34
9793	8.34
9794	8.34
9795	8.34
9796	8.34
9797	8.34
9798	8.34
9799	8.34
9800	8.34
9801	8.34
9802	8.34
9803	8.34
9804	8.34
9805	8.34
9806	8.34
9807	8.34
9808	8.34
9809	8.34
9810	8.34
9811	8.34
9812	8.34
9813	8.34
9814	8.34
9815	8.34
9816	8.34
9817	8.34
9818	8.34
9819	8.34
9820	8.34
9821	8.34
9822	8.34
9823	8.34
9824	8.34
9825	8.34
9826	8.34
9827	8.34
9828	8.34
9829	8.34
9830	8.34
9831	8.34
9832	8.34
9833	8.34
9834	8.34
9835	8.34
9836	8.34
9837	8.34
9838	8.34
9839	8.34
9840	8.34
9841	8.34
9842	8.34
